1  38  49  0  1  60  -71  0  1  71  -60  0  1  -17  0  1  -38  -49 
0  2  18  19  0  2  -18  -19  0  2  -31  0  3  46  47  0  3  48  -50  0  3  50 
-48  0  3  -46  -47  0  3  -54  0  4  55  56  0  4  -55  -56  0  4  -68  0  4 
-81  0  5  23  24  0  5  25  -60  0  5  60  -25  0  5  -23  -24  0  5  -28  0 
6  29  30  0  6  -29  -30  0  6  -32  0  7  48  -63  0  7  61  62  0  7  63 
-48  0  7  -61  -62  0  7  -65  0  8  66  67  0  8  -66  -67  0  8  -69  0  8 
-83  0  9  38  87  0  9  60  -88  0  9  88  -60  0  9  -38  -87  0  9  -90  0 
10  44  -94  0  10  91  92  0  10  94  -44  0  10  -91  -92  0  10  -96  0  11 
48  -99  0  11  97  98  0  11  99  -48  0  11  -97  -98  0  11  -101  0  12 
15  -105  0  12  102  103  0  12  105  -15  0  12  -102  -103  0  13  31  -2 
0  13  35  -110  0  13  40  -111  0  13  -32  0  13  -36  0  13  -41  0  14 
33  34  0  14  68  -4  0  14  73  -112  0  14  77  -113  0  14  -33  -34  0 
14  -69  0  14  -74  0  14  -78  0  15  70  72  0  15  81  -4  0  15  84  85 
0  15  105  -12  0  15  -70  -72  0  15  -83  0  15  -84  -85  0  16  27  110 
0  16  86  118  0  16  126  -130  0  16  130  -126  0  16  -27  -110  0  16 
-86  -118  0  17  93  -18  0  17  -1  -104  0  18  -2  -19  0  18  -17  0  18 
-93  0  19  0  19  -2  -18  0  20  21  114  0  20  126  130  0  20  -21  -114 
0  20  -126  -130  0  21  0  21  -20  -114  0  22  38  -23  0  22  -126  0  22 
-130  0  23  -5  -24  0  23  -22  0  23  -38  0  24  0  24  -5  -23  0  25  26 
115  0  25  60  -5  0  25  -26  -115  0  26  0  26  -25  -115  0  27  0  27 
-16  -110  0  28  93  -29  0  28  -5  -104  0  29  -6  -30  0  29  -28  0  29 
-93  0  30  0  30  -6  -29  0  31  32  -33  0  32  -6  -13  0  33  -14  -34  0 
33  -31  0  33  -32  0  34  0  34  -14  -33  0  35  36  -37  0  36  -13  -114 
0  37  39  122  0  37  -35  0  37  -36  0  37  -39  -122  0  38  -1  -49  0 
38  -9  -87  0  38  -126  -130  0  39  0  39  -37  -122  0  40  41  -42  0  41 
-13  -115  0  42  43  123  0  42  -40  0  42  -41  0  42  -43  -123  0  43  0 
43  -42  -123  0  44  45  112  0  44  94  -10  0  44  128  -132  0  44  132 
-128  0  44  -45  -112  0  45  0  45  -44  -112  0  46  59  -61  0  46  96 
-97  0  46  -3  -47  0  46  -128  -132  0  47  0  47  -3  -46  0  48  50  -3 
0  48  63  -7  0  48  99  -11  0  48  129  -133  0  48  133  -129  0  49  0 
49  -1  -38  0  50  51  113  0  50  -51  -113  0  51  0  51  -50  -113  0  52 
54  -55  0  52  65  -66  0  52  101  -102  0  52  -129  -133  0  53  -54  0 
53  -65  0  53  -101  0  53  -129  0  53  -133  0  54  -3  -53  0  55  -4  -56 
0  55  -52  0  55  -54  0  56  0  56  -4  -55  0  57  58  116  0  57  128  132 
0  57  -58  -116  0  57  -128  -132  0  58  0  58  -57  -116  0  59  -96  0 
59  -128  0  59  -132  0  60  71  -1  0  60  88  -9  0  60  127  -131  0  60 
131  -127  0  61  -7  -62  0  61  -46  0  61  -59  0  62  0  62  -7  -61  0 
63  64  117  0  63  -64  -117  0  64  0  64  -63  -117  0  65  -7  -53  0  66 
-8  -67  0  66  -52  0  66  -65  0  67  0  67  -8  -66  0  68  69  -70  0  69 
-8  -14  0  70  -15  -72  0  70  -68  0  70  -69  0  71  82  111  0  71  -82 
-111  0  72  0  72  -15  -70  0  73  74  -75  0  74  -14  -116  0  75  76  124 
0  75  -73  0  75  -74  0  75  -76  -124  0  76  0  76  -75  -124  0  77  78 
-79  0  78  -14  -117  0  79  80  125  0  79  -77  0  79  -78  0  79  -80 
-125  0  80  0  80  -79  -125  0  81  83  -84  0  82  0  82  -71  -111  0  83 
-8  -15  0  84  -15  -85  0  84  -81  0  84  -83  0  85  0  85  -15  -84  0 
86  0  86  -16  -118  0  87  0  87  -9  -38  0  88  89  119  0  88  -89  -119 
0  89  0  89  -88  -119  0  90  93  -91  0  90  -9  -104  0  91  -10  -92  0 
91  -90  0  91  -93  0  92  0  92  -10  -91  0  93  -127  -131  0  94  95  120 
0  94  -95  -120  0  95  0  95  -94  -120  0  96  -10  -59  0  97  -11  -98  0 
97  -46  0  97  -96  0  98  0  98  -11  -97  0  99  100  121  0  99  -100 
-121  0  100  0  100  -99  -121  0  101  -11  -53  0  102  -12  -103  0  102 
-52  0  102  -101  0  103  0  103  -12  -102  0  104  -17  0  104  -28  0  104 
-90  0  104  -127  0  104  -131  0  105  106  107  108  109  0  106  118  -122 
0  106  122  -118  0  107  119  -123  0  107  123  -119  0  108  120  -124  0 
108  124  -120  0  109  121  -125  0  109  125  -121  0  110  -16  -27  0  110 
-35  0  111  -40  0  111  -71  -82  0  112  -44  -45  0  112  -73  0  113  -50 
-51  0  113  -77  0  114  -20  -21  0  114  -36  0  115  -25  -26  0  115  -41 
0  116  -57  -58  0  116  -74  0  117  -63  -64  0  117  -78  0  118  122 
-106  0  118  -16  -86  0  119  123  -107  0  119  -88  -89  0  120  124  -108 
0  120  -94  -95  0  121  125  -109  0  121  -99  -100  0  122  -37  -39  0 
123  -42  -43  0  124  -75  -76  0  125  -79  -80  0  126  130  -16  0  126 
130  -22  0  126  -20  -130  0  126  -38  0  127  131  -60  0  127  131  -104 
0  127  -93  0  128  132  -44  0  128  132  -59  0  128  -46  0  128  -57 
-132  0  129  133  -48  0  129  133  -53  0  129  -52  0  130  -20  -126  0 
130  -38  0  131  -93  0  132  -46  0  132  -57  -128  0  133  -52  0  -1  -60 
-71  0  -3  -48  -50  0  -5  -25  -60  0  -7  -48  -63  0  -9  -60  -88  0 
-10  -44  -94  0  -11  -48  -99  0  -12  -15  -105  0  -13  0  -13  -31  0 
-13  -35  0  -13  -40  0  -14  -68  0  -14  -73  0  -14  -77  0  -15  -81  0 
-16  -126  -130  0  -44  -128  -132  0  -48  -129  -133  0  -60  -127  -131  0 
-106  -118  -122  0  -107  -119  -123  0  -108  -120  -124  0  -109  -121 
-125  0
