1  36  47  0  1  -15  0  1  -36  -47  0  2  26  27  0  2  -26  -27 
0  2  -33  0  3  44  45  0  3  -44  -45  0  3  -52  0  3  -61  0  4  83  84  0 
4  -16  0  4  -83  -84  0  5  31  32  0  5  -31  -32  0  5  -34  0  6  50  51 
0  6  -50  -51  0  6  -53  0  6  -62  0  7  23  -67  0  7  36  66  0  7  67 
-23  0  7  -36  -66  0  7  -70  0  8  42  -73  0  8  71  72  0  8  73  -42  0 
8  -71  -72  0  8  -75  0  9  13  -78  0  9  76  77  0  9  78  -13  0  9  -76 
-77  0  10  15  -1  0  10  19  -85  0  10  -16  0  10  -20  0  11  17  18  0 
11  33  -2  0  11  38  -86  0  11  -17  -18  0  11  -34  0  11  -39  0  12  35 
37  0  12  52  -3  0  12  56  -87  0  12  -35  -37  0  12  -53  0  12  -57  0 
13  54  55  0  13  61  -3  0  13  63  64  0  13  78  -9  0  13  -54  -55  0 
13  -62  0  13  -63  -64  0  14  25  85  0  14  65  91  0  14  97  -100  0  14 
100  -97  0  14  -25  -85  0  14  -65  -91  0  15  16  -17  0  16  -4  -10  0 
17  -11  -18  0  17  -15  0  17  -16  0  18  0  18  -11  -17  0  19  20  -21 
0  20  -10  -88  0  21  22  94  0  21  -19  0  21  -20  0  21  -22  -94  0  22 
0  22  -21  -94  0  23  24  86  0  23  67  -7  0  23  98  -101  0  23  101 
-98  0  23  -24  -86  0  24  0  24  -23  -86  0  25  0  25  -14  -85  0  26 
30  -31  0  26  70  -71  0  26  -2  -27  0  26  -98  -101  0  27  0  27  -2 
-26  0  28  29  89  0  28  98  101  0  28  -29  -89  0  28  -98  -101  0  29 
0  29  -28  -89  0  30  -70  0  30  -98  0  30  -101  0  31  -5  -32  0  31 
-26  0  31  -30  0  32  0  32  -5  -31  0  33  34  -35  0  34  -5  -11  0  35 
-12  -37  0  35  -33  0  35  -34  0  36  80  -83  0  36  -1  -47  0  36  -7 
-66  0  36  -97  -100  0  37  0  37  -12  -35  0  38  39  -40  0  39  -11  -89 
0  40  41  95  0  40  -38  0  40  -39  0  40  -41  -95  0  41  0  41  -40  -95 
0  42  43  87  0  42  73  -8  0  42  99  -102  0  42  102  -99  0  42  -43 
-87  0  43  0  43  -42  -87  0  44  49  -50  0  44  75  -76  0  44  -3  -45  0 
44  -99  -102  0  45  0  45  -3  -44  0  46  48  90  0  46  99  102  0  46 
-48  -90  0  46  -99  -102  0  47  0  47  -1  -36  0  48  0  48  -46  -90  0 
49  -75  0  49  -99  0  49  -102  0  50  -6  -51  0  50  -44  0  50  -49  0 
51  0  51  -6  -50  0  52  53  -54  0  53  -6  -12  0  54  -13  -55  0  54 
-52  0  54  -53  0  55  0  55  -13  -54  0  56  57  -59  0  57  -12  -90  0 
58  69  88  0  58  97  100  0  58  -69  -88  0  58  -97  -100  0  59  60  96 
0  59  -56  0  59  -57  0  59  -60  -96  0  60  0  60  -59  -96  0  61  62 
-63  0  62  -6  -13  0  63  -13  -64  0  63  -61  0  63  -62  0  64  0  64 
-13  -63  0  65  0  65  -14  -91  0  66  0  66  -7  -36  0  67  68  92  0  67 
-68  -92  0  68  0  68  -67  -92  0  69  0  69  -58  -88  0  70  -7  -30  0 
71  -8  -72  0  71  -26  0  71  -70  0  72  0  72  -8  -71  0  73  74  93  0 
73  -74  -93  0  74  0  74  -73  -93  0  75  -8  -49  0  76  -9  -77  0  76 
-44  0  76  -75  0  77  0  77  -9  -76  0  78  79  81  82  0  79  91  -94  0 
79  94  -91  0  80  -97  0  80  -100  0  81  92  -95  0  81  95  -92  0  82 
93  -96  0  82  96  -93  0  83  -4  -84  0  83  -36  0  83  -80  0  84  0  84 
-4  -83  0  85  -14  -25  0  85  -19  0  86  -23  -24  0  86  -38  0  87  -42 
-43  0  87  -56  0  88  -20  0  88  -58  -69  0  89  -28  -29  0  89  -39  0 
90  -46  -48  0  90  -57  0  91  94  -79  0  91  -14  -65  0  92  95  -81  0 
92  -67  -68  0  93  96  -82  0  93  -73  -74  0  94  -21  -22  0  95  -40 
-41  0  96  -59  -60  0  97  100  -14  0  97  100  -80  0  97  -36  0  97  -58 
-100  0  98  101  -23  0  98  101  -30  0  98  -26  0  98  -28  -101  0  99 
102  -42  0  99  102  -49  0  99  -44  0  99  -46  -102  0  100  -36  0  100 
-58  -97  0  101  -26  0  101  -28  -98  0  102  -44  0  102  -46  -99  0  -7 
-23  -67  0  -8  -42  -73  0  -9  -13  -78  0  -10  0  -10  -15  0  -10  -19 
0  -11  -33  0  -11  -38  0  -12  -52  0  -12  -56  0  -13  -61  0  -14  -97 
-100  0  -23  -98  -101  0  -42  -99  -102  0  -79  -91  -94  0  -81  -92  -95 
0  -82  -93  -96  0 
