1  35  46  0  1  57  -68  0  1  68  -57  0  1  -14  0  1  -35  -46 
0  2  15  16  0  2  -15  -16  0  2  -28  0  3  43  44  0  3  -43  -44  0  3 
-51  0  4  20  21  0  4  22  -57  0  4  57  -22  0  4  -20  -21  0  4  -25  0 
5  26  27  0  5  -26  -27  0  5  -29  0  6  49  50  0  6  -49  -50  0  6  -52 
0  7  35  61  0  7  57  -62  0  7  62  -57  0  7  -35  -61  0  7  -64  0  8 
41  -67  0  8  65  66  0  8  67  -41  0  8  -65  -66  0  8  -70  0  9  12  -73 
0  9  71  72  0  9  73  -12  0  9  -71  -72  0  10  28  -2  0  10  32  -80  0 
10  37  -81  0  10  -29  0  10  -33  0  10  -38  0  11  30  31  0  11  51  -3 
0  11  55  -82  0  11  -30  -31  0  11  -52  0  11  -56  0  12  53  54  0  12 
73  -9  0  12  -53  -54  0  13  24  80  0  13  60  86  0  13  92  -95  0  13 
95  -92  0  13  -24  -80  0  13  -60  -86  0  14  78  -15  0  14  -1  -79  0 
15  -2  -16  0  15  -14  0  15  -78  0  16  0  16  -2  -15  0  17  18  83  0 
17  92  95  0  17  -18  -83  0  17  -92  -95  0  18  0  18  -17  -83  0  19 
35  -20  0  19  -92  0  19  -95  0  20  -4  -21  0  20  -19  0  20  -35  0  21 
0  21  -4  -20  0  22  23  84  0  22  57  -4  0  22  -23  -84  0  23  0  23 
-22  -84  0  24  0  24  -13  -80  0  25  78  -26  0  25  -4  -79  0  26  -5 
-27  0  26  -25  0  26  -78  0  27  0  27  -5  -26  0  28  29  -30  0  29  -5 
-10  0  30  -11  -31  0  30  -28  0  30  -29  0  31  0  31  -11  -30  0  32 
33  -34  0  33  -10  -83  0  34  36  89  0  34  -32  0  34  -33  0  34  -36 
-89  0  35  -1  -46  0  35  -7  -61  0  35  -92  -95  0  36  0  36  -34  -89 
0  37  38  -39  0  38  -10  -84  0  39  40  90  0  39  -37  0  39  -38  0  39 
-40  -90  0  40  0  40  -39  -90  0  41  42  82  0  41  67  -8  0  41  94  -97 
0  41  97  -94  0  41  -42  -82  0  42  0  42  -41  -82  0  43  48  -49  0  43 
70  -71  0  43  -3  -44  0  43  -94  -97  0  44  0  44  -3  -43  0  45  47  85 
0  45  94  97  0  45  -47  -85  0  45  -94  -97  0  46  0  46  -1  -35  0  47 
0  47  -45  -85  0  48  -70  0  48  -94  0  48  -97  0  49  -6  -50  0  49 
-43  0  49  -48  0  50  0  50  -6  -49  0  51  52  -53  0  52  -6  -11  0  53 
-12  -54  0  53  -51  0  53  -52  0  54  0  54  -12  -53  0  55  56  -58  0 
56  -11  -85  0  57  62  -7  0  57  68  -1  0  57  93  -96  0  57  96  -93  0 
58  59  91  0  58  -55  0  58  -56  0  58  -59  -91  0  59  0  59  -58  -91  0 
60  0  60  -13  -86  0  61  0  61  -7  -35  0  62  63  87  0  62  -63  -87  0 
63  0  63  -62  -87  0  64  78  -65  0  64  -7  -79  0  65  -8  -66  0  65 
-64  0  65  -78  0  66  0  66  -8  -65  0  67  69  88  0  67  -69  -88  0  68 
77  81  0  68  -77  -81  0  69  0  69  -67  -88  0  70  -8  -48  0  71  -9 
-72  0  71  -43  0  71  -70  0  72  0  72  -9  -71  0  73  74  75  76  0  74 
86  -89  0  74  89  -86  0  75  87  -90  0  75  90  -87  0  76  88  -91  0  76 
91  -88  0  77  0  77  -68  -81  0  78  -93  -96  0  79  -14  0  79  -25  0 
79  -64  0  79  -93  0  79  -96  0  80  -13  -24  0  80  -32  0  81  -37  0 
81  -68  -77  0  82  -41  -42  0  82  -55  0  83  -17  -18  0  83  -33  0  84 
-22  -23  0  84  -38  0  85  -45  -47  0  85  -56  0  86  89  -74  0  86  -13 
-60  0  87  90  -75  0  87  -62  -63  0  88  91  -76  0  88  -67  -69  0  89 
-34  -36  0  90  -39  -40  0  91  -58  -59  0  92  95  -13  0  92  95  -19  0 
92  -17  -95  0  92  -35  0  93  96  -57  0  93  96  -79  0  93  -78  0  94 
97  -41  0  94  97  -48  0  94  -43  0  94  -45  -97  0  95  -17  -92  0  95 
-35  0  96  -78  0  97  -43  0  97  -45  -94  0  -1  -57  -68  0  -4  -22  -57 
0  -7  -57  -62  0  -8  -41  -67  0  -9  -12  -73  0  -10  0  -10  -28  0  -10 
-32  0  -10  -37  0  -11  -51  0  -11  -55  0  -13  -92  -95  0  -41  -94  -97 
0  -57  -93  -96  0  -74  -86  -89  0  -75  -87  -90  0  -76  -88  -91  0
