1  108  119  0  1  130  -141  0  1  141  -130  0  1  -27  0  1 
-108  -119  0  2  38  49  0  2  60  -71  0  2  71  -60  0  2  -38  -49  0  2 
-95  0  3  96  98  0  3  -96  -98  0  3  -115  0  4  135  136  0  4  137  -138 
0  4  138  -137  0  4  -135  -136  0  4  -143  0  5  144  145  0  5  146  -147 
0  5  147  -146  0  5  -144  -145  0  5  -151  0  6  153  154  0  6  -153 
-154  0  6  -171  0  7  33  34  0  7  -33  -34  0  7  -41  0  8  102  103  0 
8  104  -130  0  8  130  -104  0  8  -102  -103  0  8  -106  0  9  60  -110  0 
9  107  109  0  9  110  -60  0  9  -107  -109  0  9  -112  0  10  113  114  0 
10  -113  -114  0  10  -116  0  11  137  -160  0  11  158  159  0  11  160 
-137  0  11  -158  -159  0  11  -162  0  12  146  -166  0  12  164  165  0  12 
166  -146  0  12  -164  -165  0  12  -168  0  13  169  170  0  13  -169  -170 
0  13  -172  0  14  39  40  0  14  -39  -40  0  14  -42  0  15  51  108  0  15 
52  -130  0  15  130  -52  0  15  -51  -108  0  15  -54  0  16  55  56  0  16 
57  -60  0  16  60  -57  0  16  -55  -56  0  16  -59  0  17  61  62  0  17  63 
-133  0  17  133  -63  0  17  -61  -62  0  17  -65  0  18  66  67  0  18  68 
-137  0  18  137  -68  0  18  -66  -67  0  18  -70  0  19  72  73  0  19  74 
-146  0  19  146  -74  0  19  -72  -73  0  19  -76  0  20  31  -79  0  20  77 
78  0  20  79  -31  0  20  -77  -78  0  20  -81  0  21  25  -85  0  21  83  84 
0  21  85  -25  0  21  -83  -84  0  22  115  -3  0  22  120  -185  0  22  124 
-186  0  22  128  -187  0  22  -116  0  22  -121  0  22  -125  0  22  -129  0 
23  117  118  0  23  171  -6  0  23  176  -188  0  23  180  -189  0  23  184 
-190  0  23  -28  0  23  -117  -118  0  23  -172  0  23  -177  0  23  -181  0 
24  41  -7  0  24  45  -191  0  24  173  175  0  24  -42  0  24  -46  0  24 
-173  -175  0  25  43  44  0  25  85  -21  0  25  -43  -44  0  26  50  199  0 
26  97  185  0  26  213  -220  0  26  220  -213  0  26  -50  -199  0  26  -97 
-185  0  27  163  -38  0  27  -1  -174  0  28  184  -29  0  28  -23  -197  0 
29  30  211  0  29  -28  0  29  -30  -211  0  29  -184  0  30  0  30  -29 
-211  0  31  32  191  0  31  79  -20  0  31  219  -226  0  31  226  -219  0 
31  -32  -191  0  32  0  32  -31  -191  0  33  37  -39  0  33  81  -83  0  33 
-7  -34  0  33  -219  -226  0  34  0  34  -7  -33  0  35  36  198  0  35  219 
226  0  35  -36  -198  0  35  -219  -226  0  36  0  36  -35  -198  0  37  -81 
0  37  -219  0  37  -226  0  38  -2  -49  0  38  -27  0  38  -163  0  39  -14 
-40  0  39  -33  0  39  -37  0  40  0  40  -14  -39  0  41  42  -43  0  42 
-14  -24  0  43  -25  -44  0  43  -41  0  43  -42  0  44  0  44  -25  -43  0 
45  46  -47  0  46  -24  -198  0  47  48  212  0  47  -45  0  47  -46  0  47 
-48  -212  0  48  0  48  -47  -212  0  49  0  49  -2  -38  0  50  0  50  -26 
-199  0  51  0  51  -15  -108  0  52  53  200  0  52  130  -15  0  52  -53 
-200  0  53  0  53  -52  -200  0  54  163  -55  0  54  -15  -174  0  55  -16 
-56  0  55  -54  0  55  -163  0  56  0  56  -16  -55  0  57  58  201  0  57 
60  -16  0  57  -58  -201  0  58  0  58  -57  -201  0  59  93  -61  0  59  -16 
-94  0  60  71  -2  0  60  110  -9  0  60  215  -222  0  60  222  -215  0  61 
-17  -62  0  61  -59  0  61  -93  0  62  0  62  -17  -61  0  63  64  202  0 
63  133  -17  0  63  -64  -202  0  64  0  64  -63  -202  0  65  135  -66  0 
65  -17  -157  0  66  -18  -67  0  66  -65  0  66  -135  0  67  0  67  -18 
-66  0  68  69  203  0  68  137  -18  0  68  -69  -203  0  69  0  69  -68 
-203  0  70  140  -72  0  70  -18  -142  0  71  82  187  0  71  -82  -187  0 
72  -19  -73  0  72  -70  0  72  -140  0  73  0  73  -19  -72  0  74  75  204 
0  74  146  -19  0  74  -75  -204  0  75  0  75  -74  -204  0  76  149  -77  0 
76  -19  -150  0  77  -20  -78  0  77  -76  0  77  -149  0  78  0  78  -20 
-77  0  79  80  205  0  79  -80  -205  0  80  0  80  -79  -205  0  81  -20 
-37  0  82  0  82  -71  -187  0  83  -21  -84  0  83  -33  0  83  -81  0  84 
0  84  -21  -83  0  85  86  87  88  89  90  91  92  0  86  199  -206  0  86 
206  -199  0  87  200  -207  0  87  207  -200  0  88  201  -208  0  88  208 
-201  0  89  202  -209  0  89  209  -202  0  90  203  -210  0  90  210  -203 
0  91  204  -211  0  91  211  -204  0  92  205  -212  0  92  212  -205  0  93 
95  -96  0  93  112  -113  0  93  -215  -222  0  94  -59  0  94  -95  0  94 
-112  0  94  -215  0  94  -222  0  95  -2  -94  0  96  -3  -98  0  96  -93  0 
96  -95  0  97  0  97  -26  -185  0  98  0  98  -3  -96  0  99  100  192  0 
99  213  220  0  99  -100  -192  0  99  -213  -220  0  100  0  100  -99  -192 
0  101  108  -102  0  101  -213  0  101  -220  0  102  -8  -103  0  102  -101 
0  102  -108  0  103  0  103  -8  -102  0  104  105  193  0  104  130  -8  0 
104  -105  -193  0  105  0  105  -104  -193  0  106  163  -107  0  106  -8 
-174  0  107  -9  -109  0  107  -106  0  107  -163  0  108  -1  -119  0  108 
-15  -51  0  108  -213  -220  0  109  0  109  -9  -107  0  110  111  194  0 
110  -111  -194  0  111  0  111  -110  -194  0  112  -9  -94  0  113  -10 
-114  0  113  -93  0  113  -112  0  114  0  114  -10  -113  0  115  116  -117 
0  116  -10  -22  0  117  -23  -118  0  117  -115  0  117  -116  0  118  0 
118  -23  -117  0  119  0  119  -1  -108  0  120  121  -122  0  121  -22  -192 
0  122  123  206  0  122  -120  0  122  -121  0  122  -123  -206  0  123  0 
123  -122  -206  0  124  125  -126  0  125  -22  -193  0  126  127  207  0 
126  -124  0  126  -125  0  126  -127  -207  0  127  0  127  -126  -207  0 
128  129  -131  0  129  -22  -194  0  130  141  -1  0  130  214  -221  0  130 
221  -214  0  131  132  208  0  131  -128  0  131  -129  0  131  -132  -208  0 
132  0  132  -131  -208  0  133  134  188  0  133  216  -223  0  133  223 
-216  0  133  -134  -188  0  134  0  134  -133  -188  0  135  157  -158  0 
135  -4  -136  0  135  -216  -223  0  136  0  136  -4  -135  0  137  138  -4 
0  137  160  -11  0  137  217  -224  0  137  224  -217  0  138  139  189  0 
138  -139  -189  0  139  0  139  -138  -189  0  140  143  -144  0  140  162 
-164  0  140  -217  -224  0  141  152  186  0  141  -152  -186  0  142  -70  0 
142  -143  0  142  -162  0  142  -217  0  142  -224  0  143  -4  -142  0  144 
-5  -145  0  144  -140  0  144  -143  0  145  0  145  -5  -144  0  146  147 
-5  0  146  166  -12  0  146  218  -225  0  146  225  -218  0  147  148  190 
0  147  -148  -190  0  148  0  148  -147  -190  0  149  151  -153  0  149  168 
-169  0  149  -218  -225  0  150  -76  0  150  -151  0  150  -168  0  150 
-218  0  150  -225  0  151  -5  -150  0  152  0  152  -141  -186  0  153  -6 
-154  0  153  -149  0  153  -151  0  154  0  154  -6  -153  0  155  156  195 
0  155  216  223  0  155  -156  -195  0  155  -216  -223  0  156  0  156  -155 
-195  0  157  -65  0  157  -216  0  157  -223  0  158  -11  -159  0  158  -135 
0  158  -157  0  159  0  159  -11  -158  0  160  161  196  0  160  -161  -196 
0  161  0  161  -160  -196  0  162  -11  -142  0  163  -214  -221  0  164  -12 
-165  0  164  -140  0  164  -162  0  165  0  165  -12  -164  0  166  167  197 
0  166  -167  -197  0  167  0  167  -166  -197  0  168  -12  -150  0  169  -13 
-170  0  169  -149  0  169  -168  0  170  0  170  -13  -169  0  171  172  -173 
0  172  -13  -23  0  173  -24  -175  0  173  -171  0  173  -172  0  174  -27 
0  174  -54  0  174  -106  0  174  -214  0  174  -221  0  175  0  175  -24 
-173  0  176  177  -178  0  177  -23  -195  0  178  179  209  0  178  -176  0 
178  -177  0  178  -179  -209  0  179  0  179  -178  -209  0  180  181  -182 
0  181  -23  -196  0  182  183  210  0  182  -180  0  182  -181  0  182  -183 
-210  0  183  0  183  -182  -210  0  185  -26  -97  0  185  -120  0  186  -124 
0  186  -141  -152  0  187  -71  -82  0  187  -128  0  188  -133  -134  0  188 
-176  0  189  -138  -139  0  189  -180  0  190  -147  -148  0  190  -184  0 
191  -31  -32  0  191  -45  0  192  -99  -100  0  192  -121  0  193  -104 
-105  0  193  -125  0  194  -110  -111  0  194  -129  0  195  -155  -156  0 
195  -177  0  196  -160  -161  0  196  -181  0  197  -28  0  197  -166  -167 
0  198  -35  -36  0  198  -46  0  199  206  -86  0  199  -26  -50  0  200  207 
-87  0  200  -52  -53  0  201  208  -88  0  201  -57  -58  0  202  209  -89  0 
202  -63  -64  0  203  210  -90  0  203  -68  -69  0  204  211  -91  0  204 
-74  -75  0  205  212  -92  0  205  -79  -80  0  206  -122  -123  0  207  -126 
-127  0  208  -131  -132  0  209  -178  -179  0  210  -182  -183  0  211  -29 
-30  0  212  -47  -48  0  213  220  -26  0  213  220  -101  0  213  -99  -220 
0  213  -108  0  214  221  -130  0  214  221  -174  0  214  -163  0  215  222 
-60  0  215  222  -94  0  215  -93  0  216  223  -133  0  216  223  -157  0 
216  -135  0  216  -155  -223  0  217  224  -137  0  217  224  -142  0  217 
-140  0  218  225  -146  0  218  225  -150  0  218  -149  0  219  226  -31  0 
219  226  -37  0  219  -33  0  219  -35  -226  0  220  -99  -213  0  220  -108 
0  221  -163  0  222  -93  0  223  -135  0  223  -155  -216  0  224  -140  0 
225  -149  0  226  -33  0  226  -35  -219  0  -1  -130  -141  0  -2  -60  -71 
0  -4  -137  -138  0  -5  -146  -147  0  -8  -104  -130  0  -9  -60  -110  0 
-11  -137  -160  0  -12  -146  -166  0  -15  -52  -130  0  -16  -57  -60  0 
-17  -63  -133  0  -18  -68  -137  0  -19  -74  -146  0  -20  -31  -79  0  -21 
-25  -85  0  -22  0  -22  -115  0  -22  -120  0  -22  -124  0  -22  -128  0 
-23  -171  0  -23  -176  0  -23  -180  0  -23  -184  0  -24  -41  0  -24  -45 
0  -26  -213  -220  0  -31  -219  -226  0  -60  -215  -222  0  -86  -199  -206 
0  -87  -200  -207  0  -88  -201  -208  0  -89  -202  -209  0  -90  -203  -210 
0  -91  -204  -211  0  -92  -205  -212  0  -130  -214  -221  0  -133  -216 
-223  0  -137  -217  -224  0  -146  -218  -225  0

