1  31  42  0  1  52  -53  0  1  53  -52  0  1  -10  0  1  -31  -42  0 
2  11  12  0  2  -11  -12  0  2  -24  0  2  -37  0  3  16  17  0  3  18  -52 
0  3  52  -18  0  3  -16  -17  0  3  -21  0  4  22  23  0  4  -22  -23  0  4 
-25  0  4  -38  0  5  31  43  0  5  44  -52  0  5  52  -44  0  5  -31  -43  0 
5  -46  0  6  8  -49  0  6  47  48  0  6  49  -8  0  6  -47  -48  0  7  24  -2 
0  7  28  -57  0  7  33  -58  0  7  -25  0  7  -29  0  7  -34  0  8  26  27  0 
8  37  -2  0  8  39  40  0  8  49  -6  0  8  -26  -27  0  8  -38  0  8  -39 
-40  0  9  20  57  0  9  41  61  0  9  65  -67  0  9  67  -65  0  9  -20  -57 
0  9  -41  -61  0  10  55  -11  0  10  -1  -56  0  11  -2  -12  0  11  -10  0 
11  -55  0  12  0  12  -2  -11  0  13  14  59  0  13  65  67  0  13  -14  -59 
0  13  -65  -67  0  14  0  14  -13  -59  0  15  31  -16  0  15  -65  0  15 
-67  0  16  -3  -17  0  16  -15  0  16  -31  0  17  0  17  -3  -16  0  18  19 
60  0  18  52  -3  0  18  -19  -60  0  19  0  19  -18  -60  0  20  0  20  -9 
-57  0  21  55  -22  0  21  -3  -56  0  22  -4  -23  0  22  -21  0  22  -55  0 
23  0  23  -4  -22  0  24  25  -26  0  25  -4  -7  0  26  -8  -27  0  26  -24 
0  26  -25  0  27  0  27  -8  -26  0  28  29  -30  0  29  -7  -59  0  30  32 
63  0  30  -28  0  30  -29  0  30  -32  -63  0  31  -1  -42  0  31  -5  -43  0 
31  -65  -67  0  32  0  32  -30  -63  0  33  34  -35  0  34  -7  -60  0  35 
36  64  0  35  -33  0  35  -34  0  35  -36  -64  0  36  0  36  -35  -64  0  37 
38  -39  0  38  -4  -8  0  39  -8  -40  0  39  -37  0  39  -38  0  40  0  40 
-8  -39  0  41  0  41  -9  -61  0  42  0  42  -1  -31  0  43  0  43  -5  -31 
0  44  45  62  0  44  52  -5  0  44  -45  -62  0  45  0  45  -44  -62  0  46 
55  -47  0  46  -5  -56  0  47  -6  -48  0  47  -46  0  47  -55  0  48  0  48 
-6  -47  0  49  50  51  0  50  61  -63  0  50  63  -61  0  51  62  -64  0  51 
64  -62  0  52  53  -1  0  52  66  -68  0  52  68  -66  0  53  54  58  0  53 
-54  -58  0  54  0  54  -53  -58  0  55  -66  -68  0  56  -10  0  56  -21  0 
56  -46  0  56  -66  0  56  -68  0  57  -9  -20  0  57  -28  0  58  -33  0  58 
-53  -54  0  59  -13  -14  0  59  -29  0  60  -18  -19  0  60  -34  0  61  63 
-50  0  61  -9  -41  0  62  64  -51  0  62  -44  -45  0  63  -30  -32  0  64 
-35  -36  0  65  67  -9  0  65  67  -15  0  65  -13  -67  0  65  -31  0  66 
68  -52  0  66  68  -56  0  66  -55  0  67  -13  -65  0  67  -31  0  68  -55 
0  -1  -52  -53  0  -3  -18  -52  0  -5  -44  -52  0  -6  -8  -49  0  -7  0 
-7  -24  0  -7  -28  0  -7  -33  0  -8  -37  0  -9  -65  -67  0  -50  -61  -63 
0  -51  -62  -64  0  -52  -66  -68  0 
