1  34  45  0  1  56  -67  0  1  67  -56  0  1  -13  0  1  -34  -45 
0  2  14  15  0  2  16  -17  0  2  17  -16  0  2  -14  -15  0  2  -21  0  3 
22  24  0  3  -22  -24  0  3  -41  0  3  -59  0  4  28  29  0  4  30  -56  0 
4  56  -30  0  4  -28  -29  0  4  -32  0  5  16  -36  0  5  33  35  0  5  36 
-16  0  5  -33  -35  0  5  -38  0  6  39  40  0  6  -39  -40  0  6  -42  0  6 
-60  0  7  34  64  0  7  56  -65  0  7  65  -56  0  7  -34  -64  0  7  -68  0 
8  16  -71  0  8  69  70  0  8  71  -16  0  8  -69  -70  0  8  -73  0  9  11 
-76  0  9  74  75  0  9  76  -11  0  9  -74  -75  0  10  41  -3  0  10  46 
-83  0  10  50  -84  0  10  54  -85  0  10  -42  0  10  -47  0  10  -51  0  10 
-55  0  11  43  44  0  11  59  -3  0  11  61  62  0  11  76  -9  0  11  -43 
-44  0  11  -60  0  11  -61  -62  0  12  23  83  0  12  63  89  0  12  95  -98 
0  12  98  -95  0  12  -23  -83  0  12  -63  -89  0  13  81  -14  0  13  -1 
-82  0  14  -2  -15  0  14  -13  0  14  -81  0  15  0  15  -2  -14  0  16  17 
-2  0  16  36  -5  0  16  71  -8  0  16  97  -100  0  16  100  -97  0  17  18 
85  0  17  -18  -85  0  18  0  18  -17  -85  0  19  21  -22  0  19  38  -39  0 
19  73  -74  0  19  -97  -100  0  20  -21  0  20  -38  0  20  -73  0  20  -97 
0  20  -100  0  21  -2  -20  0  22  -3  -24  0  22  -19  0  22  -21  0  23  0 
23  -12  -83  0  24  0  24  -3  -22  0  25  26  86  0  25  95  98  0  25  -26 
-86  0  25  -95  -98  0  26  0  26  -25  -86  0  27  34  -28  0  27  -95  0 
27  -98  0  28  -4  -29  0  28  -27  0  28  -34  0  29  0  29  -4  -28  0  30 
31  87  0  30  56  -4  0  30  -31  -87  0  31  0  31  -30  -87  0  32  81  -33 
0  32  -4  -82  0  33  -5  -35  0  33  -32  0  33  -81  0  34  -1  -45  0  34 
-7  -64  0  34  -95  -98  0  35  0  35  -5  -33  0  36  37  88  0  36  -37 
-88  0  37  0  37  -36  -88  0  38  -5  -20  0  39  -6  -40  0  39  -19  0  39 
-38  0  40  0  40  -6  -39  0  41  42  -43  0  42  -6  -10  0  43  -11  -44  0 
43  -41  0  43  -42  0  44  0  44  -11  -43  0  45  0  45  -1  -34  0  46  47 
-48  0  47  -10  -86  0  48  49  92  0  48  -46  0  48  -47  0  48  -49  -92 
0  49  0  49  -48  -92  0  50  51  -52  0  51  -10  -87  0  52  53  93  0  52 
-50  0  52  -51  0  52  -53  -93  0  53  0  53  -52  -93  0  54  55  -57  0 
55  -10  -88  0  56  65  -7  0  56  67  -1  0  56  96  -99  0  56  99  -96  0 
57  58  94  0  57  -54  0  57  -55  0  57  -58  -94  0  58  0  58  -57  -94  0 
59  60  -61  0  60  -6  -11  0  61  -11  -62  0  61  -59  0  61  -60  0  62  0 
62  -11  -61  0  63  0  63  -12  -89  0  64  0  64  -7  -34  0  65  66  90  0 
65  -66  -90  0  66  0  66  -65  -90  0  67  78  84  0  67  -78  -84  0  68 
81  -69  0  68  -7  -82  0  69  -8  -70  0  69  -68  0  69  -81  0  70  0  70 
-8  -69  0  71  72  91  0  71  -72  -91  0  72  0  72  -71  -91  0  73  -8 
-20  0  74  -9  -75  0  74  -19  0  74  -73  0  75  0  75  -9  -74  0  76  77 
79  80  0  77  89  -92  0  77  92  -89  0  78  0  78  -67  -84  0  79  90  -93 
0  79  93  -90  0  80  91  -94  0  80  94  -91  0  81  -96  -99  0  82  -13  0 
82  -32  0  82  -68  0  82  -96  0  82  -99  0  83  -12  -23  0  83  -46  0 
84  -50  0  84  -67  -78  0  85  -17  -18  0  85  -54  0  86  -25  -26  0  86 
-47  0  87  -30  -31  0  87  -51  0  88  -36  -37  0  88  -55  0  89  92  -77 
0  89  -12  -63  0  90  93  -79  0  90  -65  -66  0  91  94  -80  0  91  -71 
-72  0  92  -48  -49  0  93  -52  -53  0  94  -57  -58  0  95  98  -12  0  95 
98  -27  0  95  -25  -98  0  95  -34  0  96  99  -56  0  96  99  -82  0  96 
-81  0  97  100  -16  0  97  100  -20  0  97  -19  0  98  -25  -95  0  98  -34 
0  99  -81  0  100  -19  0  -1  -56  -67  0  -2  -16  -17  0  -4  -30  -56  0 
-5  -16  -36  0  -7  -56  -65  0  -8  -16  -71  0  -9  -11  -76  0  -10  0 
-10  -41  0  -10  -46  0  -10  -50  0  -10  -54  0  -11  -59  0  -12  -95  -98 
0  -16  -97  -100  0  -56  -96  -99  0  -77  -89  -92  0  -79  -90  -93  0 
-80  -91  -94  0
