1  32  43  0  1  -11  0  1  -32  -43  0  2  22  23  0  2  -22  -23 
0  2  -29  0  2  -38  0  3  56  57  0  3  -12  0  3  -56  -57  0  4  27  28  0 
4  -27  -28  0  4  -30  0  4  -39  0  5  19  -45  0  5  32  44  0  5  45  -19 
0  5  -32  -44  0  5  -47  0  6  9  -50  0  6  48  49  0  6  50  -9  0  6  -48 
-49  0  7  11  -1  0  7  15  -58  0  7  -12  0  7  -16  0  8  13  14  0  8  29 
-2  0  8  34  -59  0  8  -13  -14  0  8  -30  0  8  -35  0  9  31  33  0  9 
38  -2  0  9  40  41  0  9  50  -6  0  9  -31  -33  0  9  -39  0  9  -40  -41 
0  10  21  58  0  10  42  62  0  10  66  -68  0  10  68  -66  0  10  -21  -58 
0  10  -42  -62  0  11  12  -13  0  12  -3  -7  0  13  -8  -14  0  13  -11  0 
13  -12  0  14  0  14  -8  -13  0  15  16  -17  0  16  -7  -60  0  17  18  64 
0  17  -15  0  17  -16  0  17  -18  -64  0  18  0  18  -17  -64  0  19  20  59 
0  19  45  -5  0  19  67  -69  0  19  69  -67  0  19  -20  -59  0  20  0  20 
-19  -59  0  21  0  21  -10  -58  0  22  26  -27  0  22  47  -48  0  22  -2 
-23  0  22  -67  -69  0  23  0  23  -2  -22  0  24  25  61  0  24  67  69  0 
24  -25  -61  0  24  -67  -69  0  25  0  25  -24  -61  0  26  -47  0  26  -67 
0  26  -69  0  27  -4  -28  0  27  -22  0  27  -26  0  28  0  28  -4  -27  0 
29  30  -31  0  30  -4  -8  0  31  -9  -33  0  31  -29  0  31  -30  0  32  55 
-56  0  32  -1  -43  0  32  -5  -44  0  32  -66  -68  0  33  0  33  -9  -31  0 
34  35  -36  0  35  -8  -61  0  36  37  65  0  36  -34  0  36  -35  0  36  -37 
-65  0  37  0  37  -36  -65  0  38  39  -40  0  39  -4  -9  0  40  -9  -41  0 
40  -38  0  40  -39  0  41  0  41  -9  -40  0  42  0  42  -10  -62  0  43  0 
43  -1  -32  0  44  0  44  -5  -32  0  45  46  63  0  45  -46  -63  0  46  0 
46  -45  -63  0  47  -5  -26  0  48  -6  -49  0  48  -22  0  48  -47  0  49  0 
49  -6  -48  0  50  51  52  0  51  62  -64  0  51  64  -62  0  52  63  -65  0 
52  65  -63  0  53  54  60  0  53  66  68  0  53  -54  -60  0  53  -66  -68  0 
54  0  54  -53  -60  0  55  -66  0  55  -68  0  56  -3  -57  0  56  -32  0  56 
-55  0  57  0  57  -3  -56  0  58  -10  -21  0  58  -15  0  59  -19  -20  0 
59  -34  0  60  -16  0  60  -53  -54  0  61  -24  -25  0  61  -35  0  62  64 
-51  0  62  -10  -42  0  63  65  -52  0  63  -45  -46  0  64  -17  -18  0  65 
-36  -37  0  66  68  -10  0  66  68  -55  0  66  -32  0  66  -53  -68  0  67 
69  -19  0  67  69  -26  0  67  -22  0  67  -24  -69  0  68  -32  0  68  -53 
-66  0  69  -22  0  69  -24  -67  0  -5  -19  -45  0  -6  -9  -50  0  -7  0 
-7  -11  0  -7  -15  0  -8  -29  0  -8  -34  0  -9  -38  0  -10  -66  -68  0 
-19  -67  -69  0  -51  -62  -64  0  -52  -63  -65  0 
