1  55  66  0  1  77  -88  0  1  88  -77  0  1  -20  0  1  -55  -66  0 
2  31  36  0  2  37  -38  0  2  38  -37  0  2  -31  -36  0  2  -42  0  3  43 
45  0  3  -43  -45  0  3  -62  0  4  82  83  0  4  84  -85  0  4  85  -84  0 
4  -82  -83  0  4  -90  0  5  91  92  0  5  -91  -92  0  5  -104  0  6  49  50 
0  6  51  -77  0  6  77  -51  0  6  -49  -50  0  6  -53  0  7  37  -57  0  7 
54  56  0  7  57  -37  0  7  -54  -56  0  7  -59  0  8  60  61  0  8  -60  -61 
0  8  -63  0  9  84  -98  0  9  96  97  0  9  98  -84  0  9  -96  -97  0  9 
-101  0  10  102  103  0  10  -102  -103  0  10  -105  0  11  55  118  0  11 
77  -119  0  11  119  -77  0  11  -55  -118  0  11  -122  0  12  37  -125  0 
12  123  124  0  12  125  -37  0  12  -123  -124  0  12  -127  0  13  80  -130 
0  13  128  129  0  13  130  -80  0  13  -21  0  13  -128  -129  0  14  22  23 
0  14  24  -84  0  14  84  -24  0  14  -22  -23  0  14  -26  0  15  18  -29  0 
15  27  28  0  15  29  -18  0  15  -27  -28  0  16  62  -3  0  16  67  -132  0 
16  71  -133  0  16  75  -134  0  16  -63  0  16  -68  0  16  -72  0  16  -76 
0  17  64  65  0  17  104  -5  0  17  108  -135  0  17  113  -136  0  17  -64 
-65  0  17  -105  0  17  -109  0  17  -114  0  18  29  -15  0  18  106  107  0 
18  -106  -107  0  19  44  132  0  19  117  142  0  19  152  -157  0  19  157 
-152  0  19  -44  -132  0  19  -117  -142  0  20  110  -31  0  20  -1  -121  0 
21  82  -22  0  21  -13  -95  0  22  -14  -23  0  22  -21  0  22  -82  0  23 
0  23  -14  -22  0  24  25  146  0  24  84  -14  0  24  -25  -146  0  25  0 
25  -24  -146  0  26  87  -27  0  26  -14  -89  0  27  -15  -28  0  27  -26  0 
27  -87  0  28  0  28  -15  -27  0  29  30  32  33  34  35  0  30  142  -147 
0  30  147  -142  0  31  -2  -36  0  31  -20  0  31  -110  0  32  143  -148  0 
32  148  -143  0  33  144  -149  0  33  149  -144  0  34  145  -150  0  34 
150  -145  0  35  146  -151  0  35  151  -146  0  36  0  36  -2  -31  0  37 
38  -2  0  37  57  -7  0  37  125  -12  0  37  154  -159  0  37  159  -154  0 
38  39  134  0  38  -39  -134  0  39  0  39  -38  -134  0  40  42  -43  0  40 
59  -60  0  40  127  -128  0  40  -154  -159  0  41  -42  0  41  -59  0  41 
-127  0  41  -154  0  41  -159  0  42  -2  -41  0  43  -3  -45  0  43  -40  0 
43  -42  0  44  0  44  -19  -132  0  45  0  45  -3  -43  0  46  47  137  0  46 
152  157  0  46  -47  -137  0  46  -152  -157  0  47  0  47  -46  -137  0  48 
55  -49  0  48  -152  0  48  -157  0  49  -6  -50  0  49  -48  0  49  -55  0 
50  0  50  -6  -49  0  51  52  138  0  51  77  -6  0  51  -52  -138  0  52  0 
52  -51  -138  0  53  110  -54  0  53  -6  -121  0  54  -7  -56  0  54  -53  0 
54  -110  0  55  -1  -66  0  55  -11  -118  0  55  -152  -157  0  56  0  56 
-7  -54  0  57  58  139  0  57  -58  -139  0  58  0  58  -57  -139  0  59  -7 
-41  0  60  -8  -61  0  60  -40  0  60  -59  0  61  0  61  -8  -60  0  62  63 
-64  0  63  -8  -16  0  64  -17  -65  0  64  -62  0  64  -63  0  65  0  65 
-17  -64  0  66  0  66  -1  -55  0  67  68  -69  0  68  -16  -137  0  69  70 
147  0  69  -67  0  69  -68  0  69  -70  -147  0  70  0  70  -69  -147  0  71 
72  -73  0  72  -16  -138  0  73  74  148  0  73  -71  0  73  -72  0  73  -74 
-148  0  74  0  74  -73  -148  0  75  76  -78  0  76  -16  -139  0  77  88  -1 
0  77  119  -11  0  77  153  -158  0  77  158  -153  0  78  79  149  0  78 
-75  0  78  -76  0  78  -79  -149  0  79  0  79  -78  -149  0  80  81  135  0 
80  130  -13  0  80  155  -160  0  80  160  -155  0  80  -81  -135  0  81  0 
81  -80  -135  0  82  95  -96  0  82  -4  -83  0  82  -155  -160  0  83  0  83 
-4  -82  0  84  85  -4  0  84  98  -9  0  84  156  -161  0  84  161  -156  0 
85  86  136  0  85  -86  -136  0  86  0  86  -85  -136  0  87  90  -91  0  87 
101  -102  0  87  -156  -161  0  88  99  133  0  88  -99  -133  0  89  -26  0 
89  -90  0  89  -101  0  89  -156  0  89  -161  0  90  -4  -89  0  91  -5  -92 
0  91  -87  0  91  -90  0  92  0  92  -5  -91  0  93  94  140  0  93  155  160 
0  93  -94  -140  0  93  -155  -160  0  94  0  94  -93  -140  0  95  -21  0 
95  -155  0  95  -160  0  96  -9  -97  0  96  -82  0  96  -95  0  97  0  97 
-9  -96  0  98  100  141  0  98  -100  -141  0  99  0  99  -88  -133  0  100 
0  100  -98  -141  0  101  -9  -89  0  102  -10  -103  0  102  -87  0  102 
-101  0  103  0  103  -10  -102  0  104  105  -106  0  105  -10  -17  0  106 
-18  -107  0  106  -104  0  106  -105  0  107  0  107  -18  -106  0  108  109 
-111  0  109  -17  -140  0  110  122  -123  0  110  -153  -158  0  111  112 
150  0  111  -108  0  111  -109  0  111  -112  -150  0  112  0  112  -111 
-150  0  113  114  -115  0  114  -17  -141  0  115  116  151  0  115  -113  0 
115  -114  0  115  -116  -151  0  116  0  116  -115  -151  0  117  0  117  -19 
-142  0  118  0  118  -11  -55  0  119  120  143  0  119  -120  -143  0  120 
0  120  -119  -143  0  121  -20  0  121  -53  0  121  -122  0  121  -153  0 
121  -158  0  122  -11  -121  0  123  -12  -124  0  123  -110  0  123  -122  0 
124  0  124  -12  -123  0  125  126  144  0  125  -126  -144  0  126  0  126 
-125  -144  0  127  -12  -41  0  128  -13  -129  0  128  -40  0  128  -127  0 
129  0  129  -13  -128  0  130  131  145  0  130  -131  -145  0  131  0  131 
-130  -145  0  132  -19  -44  0  132  -67  0  133  -71  0  133  -88  -99  0 
134  -38  -39  0  134  -75  0  135  -80  -81  0  135  -108  0  136  -85  -86 
0  136  -113  0  137  -46  -47  0  137  -68  0  138  -51  -52  0  138  -72  0 
139  -57  -58  0  139  -76  0  140  -93  -94  0  140  -109  0  141  -98  -100 
0  141  -114  0  142  147  -30  0  142  -19  -117  0  143  148  -32  0  143 
-119  -120  0  144  149  -33  0  144  -125  -126  0  145  150  -34  0  145 
-130  -131  0  146  151  -35  0  146  -24  -25  0  147  -69  -70  0  148  -73 
-74  0  149  -78  -79  0  150  -111  -112  0  151  -115  -116  0  152  157 
-19  0  152  157  -48  0  152  -46  -157  0  152  -55  0  153  158  -77  0 
153  158  -121  0  153  -110  0  154  159  -37  0  154  159  -41  0  154  -40 
0  155  160  -80  0  155  160  -95  0  155  -82  0  155  -93  -160  0  156 
161  -84  0  156  161  -89  0  156  -87  0  157  -46  -152  0  157  -55  0 
158  -110  0  159  -40  0  160  -82  0  160  -93  -155  0  161  -87  0  -1 
-77  -88  0  -2  -37  -38  0  -4  -84  -85  0  -6  -51  -77  0  -7  -37  -57 
0  -9  -84  -98  0  -11  -77  -119  0  -12  -37  -125  0  -13  -80  -130  0 
-14  -24  -84  0  -15  -18  -29  0  -16  0  -16  -62  0  -16  -67  0  -16  -71 
0  -16  -75  0  -17  -104  0  -17  -108  0  -17  -113  0  -19  -152  -157  0 
-30  -142  -147  0  -32  -143  -148  0  -33  -144  -149  0  -34  -145  -150  0 
-35  -146  -151  0  -37  -154  -159  0  -77  -153  -158  0  -80  -155  -160  0 
-84  -156  -161  0
