1  20  21  0  1  -7  0  1  -20  -21  0  2  25  26  0  2  -8  0  2 
-25  -26  0  3  5  -18  0  3  16  20  0  3  18  -5  0  3  -16  -20  0  4  7 
-1  0  4  11  -27  0  4  -8  0  4  -12  0  5  9  10  0  5  18  -3  0  5  -9 
-10  0  6  15  29  0  6  17  27  0  6  31  -32  0  6  32  -31  0  6  -15  -29 
0  6  -17  -27  0  7  8  -9  0  8  -2  -4  0  9  -5  -10  0  9  -7  0  9  -8 
0  10  0  10  -5  -9  0  11  12  -13  0  12  -4  -28  0  13  14  30  0  13 
-11  0  13  -12  0  13  -14  -30  0  14  0  14  -13  -30  0  15  0  15  -6 
-29  0  16  0  16  -3  -20  0  17  0  17  -6  -27  0  18  19  0  19  29  -30 
0  19  30  -29  0  20  24  -25  0  20  -1  -21  0  20  -3  -16  0  20  -31 
-32  0  21  0  21  -1  -20  0  22  23  28  0  22  31  32  0  22  -23  -28  0 
22  -31  -32  0  23  0  23  -22  -28  0  24  -31  0  24  -32  0  25  -2  -26 
0  25  -20  0  25  -24  0  26  0  26  -2  -25  0  27  -6  -17  0  27  -11  0 
28  -12  0  28  -22  -23  0  29  30  -19  0  29  -6  -15  0  30  -13  -14  0 
31  32  -6  0  31  32  -24  0  31  -20  0  31  -22  -32  0  32  -20  0  32 
-22  -31  0  -3  -5  -18  0  -4  0  -4  -7  0  -4  -11  0  -6  -31  -32  0 
-19  -29  -30  0
