1  24  25  0  1  -7  0  1  -15  0  1  -24  -25  0  2  29  30  0  2 
-8  0  2  -16  0  2  -29  -30  0  3  5  -22  0  3  21  24  0  3  22  -5  0  3 
-21  -24  0  4  7  -1  0  4  11  -31  0  4  -8  0  4  -12  0  5  9  10  0  5 
15  -1  0  5  18  19  0  5  22  -3  0  5  -9  -10  0  5  -16  0  5  -18  -19 
0  6  17  31  0  6  20  33  0  6  35  -36  0  6  36  -35  0  6  -17  -31  0  6 
-20  -33  0  7  8  -9  0  8  -2  -4  0  9  -5  -10  0  9  -7  0  9  -8  0  10 
0  10  -5  -9  0  11  12  -13  0  12  -4  -32  0  13  14  34  0  13  -11  0 
13  -12  0  13  -14  -34  0  14  0  14  -13  -34  0  15  16  -18  0  16  -2 
-5  0  17  0  17  -6  -31  0  18  -5  -19  0  18  -15  0  18  -16  0  19  0 
19  -5  -18  0  20  0  20  -6  -33  0  21  0  21  -3  -24  0  22  23  0  23 
33  -34  0  23  34  -33  0  24  28  -29  0  24  -1  -25  0  24  -3  -21  0  24 
-35  -36  0  25  0  25  -1  -24  0  26  27  32  0  26  35  36  0  26  -27  -32 
0  26  -35  -36  0  27  0  27  -26  -32  0  28  -35  0  28  -36  0  29  -2 
-30  0  29  -24  0  29  -28  0  30  0  30  -2  -29  0  31  -6  -17  0  31  -11 
0  32  -12  0  32  -26  -27  0  33  34  -23  0  33  -6  -20  0  34  -13  -14 
0  35  36  -6  0  35  36  -28  0  35  -24  0  35  -26  -36  0  36  -24  0  36 
-26  -35  0  -3  -5  -22  0  -4  0  -4  -7  0  -4  -11  0  -5  -15  0  -6  -35 
-36  0  -23  -33  -34  0
