1  56  67  0  1  78  -89  0  1  89  -78  0  1  -21  0  1  -56  -67 
0  2  32  37  0  2  -32  -37  0  2  -49  0  3  64  65  0  3  66  -68  0  3  68 
-66  0  3  -64  -65  0  3  -72  0  4  73  74  0  4  -73  -74  0  4  -86  0  5 
102  103  0  5  -102  -103  0  5  -109  0  6  41  42  0  6  43  -78  0  6  78 
-43  0  6  -41  -42  0  6  -46  0  7  47  48  0  7  -47  -48  0  7  -50  0  8 
66  -81  0  8  79  80  0  8  81  -66  0  8  -79  -80  0  8  -83  0  9  84  85 
0  9  -84  -85  0  9  -87  0  10  107  108  0  10  -107  -108  0  10  -110  0 
11  56  119  0  11  78  -120  0  11  120  -78  0  11  -56  -119  0  11  -123 
0  12  62  -126  0  12  124  125  0  12  126  -62  0  12  -124  -125  0  12 
-128  0  13  66  -131  0  13  129  130  0  13  131  -66  0  13  -22  0  13 
-129  -130  0  14  23  24  0  14  25  -99  0  14  99  -25  0  14  -23  -24  0 
14  -27  0  15  19  -30  0  15  28  29  0  15  30  -19  0  15  -28  -29  0  16 
49  -2  0  16  53  -133  0  16  58  -134  0  16  -50  0  16  -54  0  16  -59 
0  17  51  52  0  17  86  -4  0  17  91  -135  0  17  95  -136  0  17  -51 
-52  0  17  -87  0  17  -92  0  17  -96  0  18  88  90  0  18  109  -5  0  18 
114  -137  0  18  -88  -90  0  18  -110  0  18  -115  0  19  30  -15  0  19 
112  113  0  19  -112  -113  0  20  45  133  0  20  118  143  0  20  153  -158 
0  20  158  -153  0  20  -45  -133  0  20  -118  -143  0  21  111  -32  0  21 
-1  -122  0  22  70  -23  0  22  -13  -71  0  23  -14  -24  0  23  -22  0  23 
-70  0  24  0  24  -14  -23  0  25  26  147  0  25  99  -14  0  25  -26  -147 
0  26  0  26  -25  -147  0  27  102  -28  0  27  -14  -106  0  28  -15  -29  0 
28  -27  0  28  -102  0  29  0  29  -15  -28  0  30  31  33  34  35  36  0  31 
143  -148  0  31  148  -143  0  32  -2  -37  0  32  -21  0  32  -111  0  33 
144  -149  0  33  149  -144  0  34  145  -150  0  34  150  -145  0  35  146 
-151  0  35  151  -146  0  36  147  -152  0  36  152  -147  0  37  0  37  -2 
-32  0  38  39  138  0  38  153  158  0  38  -39  -138  0  38  -153  -158  0 
39  0  39  -38  -138  0  40  56  -41  0  40  -153  0  40  -158  0  41  -6  -42 
0  41  -40  0  41  -56  0  42  0  42  -6  -41  0  43  44  139  0  43  78  -6 
0  43  -44  -139  0  44  0  44  -43  -139  0  45  0  45  -20  -133  0  46  111 
-47  0  46  -6  -122  0  47  -7  -48  0  47  -46  0  47  -111  0  48  0  48 
-7  -47  0  49  50  -51  0  50  -7  -16  0  51  -17  -52  0  51  -49  0  51 
-50  0  52  0  52  -17  -51  0  53  54  -55  0  54  -16  -138  0  55  57  148 
0  55  -53  0  55  -54  0  55  -57  -148  0  56  -1  -67  0  56  -11  -119  0 
56  -153  -158  0  57  0  57  -55  -148  0  58  59  -60  0  59  -16  -139  0 
60  61  149  0  60  -58  0  60  -59  0  60  -61  -149  0  61  0  61  -60  -149 
0  62  63  135  0  62  126  -12  0  62  155  -160  0  62  160  -155  0  62 
-63  -135  0  63  0  63  -62  -135  0  64  77  -79  0  64  128  -129  0  64 
-3  -65  0  64  -155  -160  0  65  0  65  -3  -64  0  66  68  -3  0  66  81 
-8  0  66  131  -13  0  66  156  -161  0  66  161  -156  0  67  0  67  -1  -56 
0  68  69  136  0  68  -69  -136  0  69  0  69  -68  -136  0  70  72  -73  0 
70  83  -84  0  70  -156  -161  0  71  -22  0  71  -72  0  71  -83  0  71 
-156  0  71  -161  0  72  -3  -71  0  73  -4  -74  0  73  -70  0  73  -72  0 
74  0  74  -4  -73  0  75  76  140  0  75  155  160  0  75  -76  -140  0  75 
-155  -160  0  76  0  76  -75  -140  0  77  -128  0  77  -155  0  77  -160  0 
78  89  -1  0  78  120  -11  0  78  154  -159  0  78  159  -154  0  79  -8 
-80  0  79  -64  0  79  -77  0  80  0  80  -8  -79  0  81  82  141  0  81  -82 
-141  0  82  0  82  -81  -141  0  83  -8  -71  0  84  -9  -85  0  84  -70  0 
84  -83  0  85  0  85  -9  -84  0  86  87  -88  0  87  -9  -17  0  88  -18 
-90  0  88  -86  0  88  -87  0  89  100  134  0  89  -100  -134  0  90  0  90 
-18  -88  0  91  92  -93  0  92  -17  -140  0  93  94  150  0  93  -91  0  93 
-92  0  93  -94  -150  0  94  0  94  -93  -150  0  95  96  -97  0  96  -17 
-141  0  97  98  151  0  97  -95  0  97  -96  0  97  -98  -151  0  98  0  98 
-97  -151  0  99  101  137  0  99  157  -162  0  99  162  -157  0  99  -101 
-137  0  100  0  100  -89  -134  0  101  0  101  -99  -137  0  102  106  -107 
0  102  -5  -103  0  102  -157  -162  0  103  0  103  -5  -102  0  104  105 
142  0  104  157  162  0  104  -105  -142  0  104  -157  -162  0  105  0  105 
-104  -142  0  106  -27  0  106  -157  0  106  -162  0  107  -10  -108  0  107 
-102  0  107  -106  0  108  0  108  -10  -107  0  109  110  -112  0  110  -10 
-18  0  111  123  -124  0  111  -154  -159  0  112  -19  -113  0  112  -109  0 
112  -110  0  113  0  113  -19  -112  0  114  115  -116  0  115  -18  -142  0 
116  117  152  0  116  -114  0  116  -115  0  116  -117  -152  0  117  0  117 
-116  -152  0  118  0  118  -20  -143  0  119  0  119  -11  -56  0  120  121 
144  0  120  -121  -144  0  121  0  121  -120  -144  0  122  -21  0  122  -46 
0  122  -123  0  122  -154  0  122  -159  0  123  -11  -122  0  124  -12  -125 
0  124  -111  0  124  -123  0  125  0  125  -12  -124  0  126  127  145  0 
126  -127  -145  0  127  0  127  -126  -145  0  128  -12  -77  0  129  -13 
-130  0  129  -64  0  129  -128  0  130  0  130  -13  -129  0  131  132  146 
0  131  -132  -146  0  132  0  132  -131  -146  0  133  -20  -45  0  133  -53 
0  134  -58  0  134  -89  -100  0  135  -62  -63  0  135  -91  0  136  -68 
-69  0  136  -95  0  137  -99  -101  0  137  -114  0  138  -38  -39  0  138 
-54  0  139  -43  -44  0  139  -59  0  140  -75  -76  0  140  -92  0  141  -81 
-82  0  141  -96  0  142  -104  -105  0  142  -115  0  143  148  -31  0  143 
-20  -118  0  144  149  -33  0  144  -120  -121  0  145  150  -34  0  145 
-126  -127  0  146  151  -35  0  146  -131  -132  0  147  152  -36  0  147 
-25  -26  0  148  -55  -57  0  149  -60  -61  0  150  -93  -94  0  151  -97 
-98  0  152  -116  -117  0  153  158  -20  0  153  158  -40  0  153  -38  -158 
0  153  -56  0  154  159  -78  0  154  159  -122  0  154  -111  0  155  160 
-62  0  155  160  -77  0  155  -64  0  155  -75  -160  0  156  161  -66  0 
156  161  -71  0  156  -70  0  157  162  -99  0  157  162  -106  0  157  -102 
0  157  -104  -162  0  158  -38  -153  0  158  -56  0  159  -111  0  160  -64 
0  160  -75  -155  0  161  -70  0  162  -102  0  162  -104  -157  0  -1  -78 
-89  0  -3  -66  -68  0  -6  -43  -78  0  -8  -66  -81  0  -11  -78  -120  0 
-12  -62  -126  0  -13  -66  -131  0  -14  -25  -99  0  -15  -19  -30  0  -16 
0  -16  -49  0  -16  -53  0  -16  -58  0  -17  -86  0  -17  -91  0  -17  -95 
0  -18  -109  0  -18  -114  0  -20  -153  -158  0  -31  -143  -148  0  -33 
-144  -149  0  -34  -145  -150  0  -35  -146  -151  0  -36  -147  -152  0  -62 
-155  -160  0  -66  -156  -161  0  -78  -154  -159  0  -99  -157  -162  0
