1  85  96  0  1  107  -118  0  1  118  -107  0  1  -23  0  1  -85 
-96  0  2  34  45  0  2  56  -67  0  2  67  -56  0  2  -34  -45  0  2  -72  0 
3  73  75  0  3  -73  -75  0  3  -92  0  4  112  113  0  4  114  -115  0  4 
115  -114  0  4  -112  -113  0  4  -120  0  5  121  122  0  5  123  -124  0  5 
124  -123  0  5  -121  -122  0  5  -128  0  6  130  131  0  6  -27  0  6  -130 
-131  0  6  -148  0  7  79  80  0  7  81  -107  0  7  107  -81  0  7  -79  -80 
0  7  -83  0  8  56  -87  0  8  84  86  0  8  87  -56  0  8  -84  -86  0  8 
-89  0  9  90  91  0  9  -90  -91  0  9  -93  0  10  114  -137  0  10  135 
136  0  10  137  -114  0  10  -135  -136  0  10  -139  0  11  123  -143  0  11 
141  142  0  11  143  -123  0  11  -141  -142  0  11  -145  0  12  146  147  0 
12  -28  0  12  -146  -147  0  12  -149  0  13  32  85  0  13  33  -107  0  13 
107  -33  0  13  -32  -85  0  13  -36  0  14  37  38  0  14  39  -56  0  14 
56  -39  0  14  -37  -38  0  14  -41  0  15  42  43  0  15  44  -110  0  15 
110  -44  0  15  -42  -43  0  15  -47  0  16  48  49  0  16  50  -114  0  16 
114  -50  0  16  -48  -49  0  16  -52  0  17  53  54  0  17  55  -123  0  17 
123  -55  0  17  -53  -54  0  17  -58  0  18  21  -61  0  18  59  60  0  18 
61  -21  0  18  -59  -60  0  19  92  -3  0  19  97  -162  0  19  101  -163  0 
19  105  -164  0  19  -93  0  19  -98  0  19  -102  0  19  -106  0  20  94  95 
0  20  148  -6  0  20  153  -165  0  20  157  -166  0  20  161  -167  0  20 
-24  0  20  -94  -95  0  20  -149  0  20  -154  0  20  -158  0  21  27  -6  0 
21  29  30  0  21  61  -18  0  21  150  152  0  21  -28  0  21  -29  -30  0 
21  -150  -152  0  22  31  174  0  22  74  162  0  22  186  -192  0  22  192 
-186  0  22  -31  -174  0  22  -74  -162  0  23  140  -34  0  23  -1  -151  0 
24  161  -25  0  24  -20  -173  0  25  26  185  0  25  -24  0  25  -26  -185 
0  25  -161  0  26  0  26  -25  -185  0  27  28  -29  0  28  -12  -21  0  29 
-21  -30  0  29  -27  0  29  -28  0  30  0  30  -21  -29  0  31  0  31  -22 
-174  0  32  0  32  -13  -85  0  33  35  175  0  33  107  -13  0  33  -35 
-175  0  34  -2  -45  0  34  -23  0  34  -140  0  35  0  35  -33  -175  0  36 
140  -37  0  36  -13  -151  0  37  -14  -38  0  37  -36  0  37  -140  0  38  0 
38  -14  -37  0  39  40  176  0  39  56  -14  0  39  -40  -176  0  40  0  40 
-39  -176  0  41  70  -42  0  41  -14  -71  0  42  -15  -43  0  42  -41  0  42 
-70  0  43  0  43  -15  -42  0  44  46  177  0  44  110  -15  0  44  -46  -177 
0  45  0  45  -2  -34  0  46  0  46  -44  -177  0  47  112  -48  0  47  -15 
-134  0  48  -16  -49  0  48  -47  0  48  -112  0  49  0  49  -16  -48  0  50 
51  178  0  50  114  -16  0  50  -51  -178  0  51  0  51  -50  -178  0  52 
117  -53  0  52  -16  -119  0  53  -17  -54  0  53  -52  0  53  -117  0  54  0 
54  -17  -53  0  55  57  179  0  55  123  -17  0  55  -57  -179  0  56  67  -2 
0  56  87  -8  0  56  188  -194  0  56  194  -188  0  57  0  57  -55  -179  0 
58  126  -59  0  58  -17  -127  0  59  -18  -60  0  59  -58  0  59  -126  0 
60  0  60  -18  -59  0  61  62  63  64  65  66  68  0  62  174  -180  0  62 
180  -174  0  63  175  -181  0  63  181  -175  0  64  176  -182  0  64  182 
-176  0  65  177  -183  0  65  183  -177  0  66  178  -184  0  66  184  -178 
0  67  69  164  0  67  -69  -164  0  68  179  -185  0  68  185  -179  0  69  0 
69  -67  -164  0  70  72  -73  0  70  89  -90  0  70  -188  -194  0  71  -41 
0  71  -72  0  71  -89  0  71  -188  0  71  -194  0  72  -2  -71  0  73  -3 
-75  0  73  -70  0  73  -72  0  74  0  74  -22  -162  0  75  0  75  -3  -73  0 
76  77  168  0  76  186  192  0  76  -77  -168  0  76  -186  -192  0  77  0 
77  -76  -168  0  78  85  -79  0  78  -186  0  78  -192  0  79  -7  -80  0  79 
-78  0  79  -85  0  80  0  80  -7  -79  0  81  82  169  0  81  107  -7  0  81 
-82  -169  0  82  0  82  -81  -169  0  83  140  -84  0  83  -7  -151  0  84 
-8  -86  0  84  -83  0  84  -140  0  85  -1  -96  0  85  -13  -32  0  85  -186 
-192  0  86  0  86  -8  -84  0  87  88  170  0  87  -88  -170  0  88  0  88 
-87  -170  0  89  -8  -71  0  90  -9  -91  0  90  -70  0  90  -89  0  91  0 
91  -9  -90  0  92  93  -94  0  93  -9  -19  0  94  -20  -95  0  94  -92  0 
94  -93  0  95  0  95  -20  -94  0  96  0  96  -1  -85  0  97  98  -99  0  98 
-19  -168  0  99  100  180  0  99  -97  0  99  -98  0  99  -100  -180  0  100 
0  100  -99  -180  0  101  102  -103  0  102  -19  -169  0  103  104  181  0 
103  -101  0  103  -102  0  103  -104  -181  0  104  0  104  -103  -181  0 
105  106  -108  0  106  -19  -170  0  107  118  -1  0  107  187  -193  0  107 
193  -187  0  108  109  182  0  108  -105  0  108  -106  0  108  -109  -182  0 
109  0  109  -108  -182  0  110  111  165  0  110  189  -195  0  110  195 
-189  0  110  -111  -165  0  111  0  111  -110  -165  0  112  134  -135  0 
112  -4  -113  0  112  -189  -195  0  113  0  113  -4  -112  0  114  115  -4 
0  114  137  -10  0  114  190  -196  0  114  196  -190  0  115  116  166  0 
115  -116  -166  0  116  0  116  -115  -166  0  117  120  -121  0  117  139 
-141  0  117  -190  -196  0  118  129  163  0  118  -129  -163  0  119  -52  0 
119  -120  0  119  -139  0  119  -190  0  119  -196  0  120  -4  -119  0  121 
-5  -122  0  121  -117  0  121  -120  0  122  0  122  -5  -121  0  123  124 
-5  0  123  143  -11  0  123  191  -197  0  123  197  -191  0  124  125  167 
0  124  -125  -167  0  125  0  125  -124  -167  0  126  128  -130  0  126  145 
-146  0  126  -191  -197  0  127  -58  0  127  -128  0  127  -145  0  127 
-191  0  127  -197  0  128  -5  -127  0  129  0  129  -118  -163  0  130  -6 
-131  0  130  -126  0  130  -128  0  131  0  131  -6  -130  0  132  133  171 
0  132  189  195  0  132  -133  -171  0  132  -189  -195  0  133  0  133  -132 
-171  0  134  -47  0  134  -189  0  134  -195  0  135  -10  -136  0  135  -112 
0  135  -134  0  136  0  136  -10  -135  0  137  138  172  0  137  -138  -172 
0  138  0  138  -137  -172  0  139  -10  -119  0  140  -187  -193  0  141  -11 
-142  0  141  -117  0  141  -139  0  142  0  142  -11  -141  0  143  144  173 
0  143  -144  -173  0  144  0  144  -143  -173  0  145  -11  -127  0  146  -12 
-147  0  146  -126  0  146  -145  0  147  0  147  -12  -146  0  148  149  -150 
0  149  -12  -20  0  150  -21  -152  0  150  -148  0  150  -149  0  151  -23 
0  151  -36  0  151  -83  0  151  -187  0  151  -193  0  152  0  152  -21 
-150  0  153  154  -155  0  154  -20  -171  0  155  156  183  0  155  -153  0 
155  -154  0  155  -156  -183  0  156  0  156  -155  -183  0  157  158  -159 
0  158  -20  -172  0  159  160  184  0  159  -157  0  159  -158  0  159  -160 
-184  0  160  0  160  -159  -184  0  162  -22  -74  0  162  -97  0  163  -101 
0  163  -118  -129  0  164  -67  -69  0  164  -105  0  165  -110  -111  0  165 
-153  0  166  -115  -116  0  166  -157  0  167  -124  -125  0  167  -161  0 
168  -76  -77  0  168  -98  0  169  -81  -82  0  169  -102  0  170  -87  -88 
0  170  -106  0  171  -132  -133  0  171  -154  0  172  -137  -138  0  172 
-158  0  173  -24  0  173  -143  -144  0  174  180  -62  0  174  -22  -31  0 
175  181  -63  0  175  -33  -35  0  176  182  -64  0  176  -39  -40  0  177 
183  -65  0  177  -44  -46  0  178  184  -66  0  178  -50  -51  0  179  185 
-68  0  179  -55  -57  0  180  -99  -100  0  181  -103  -104  0  182  -108 
-109  0  183  -155  -156  0  184  -159  -160  0  185  -25  -26  0  186  192 
-22  0  186  192  -78  0  186  -76  -192  0  186  -85  0  187  193  -107  0 
187  193  -151  0  187  -140  0  188  194  -56  0  188  194  -71  0  188  -70 
0  189  195  -110  0  189  195  -134  0  189  -112  0  189  -132  -195  0  190 
196  -114  0  190  196  -119  0  190  -117  0  191  197  -123  0  191  197 
-127  0  191  -126  0  192  -76  -186  0  192  -85  0  193  -140  0  194  -70 
0  195  -112  0  195  -132  -189  0  196  -117  0  197  -126  0  -1  -107 
-118  0  -2  -56  -67  0  -4  -114  -115  0  -5  -123  -124  0  -7  -81  -107 
0  -8  -56  -87  0  -10  -114  -137  0  -11  -123  -143  0  -13  -33  -107  0 
-14  -39  -56  0  -15  -44  -110  0  -16  -50  -114  0  -17  -55  -123  0  -18 
-21  -61  0  -19  0  -19  -92  0  -19  -97  0  -19  -101  0  -19  -105  0  -20 
-148  0  -20  -153  0  -20  -157  0  -20  -161  0  -21  -27  0  -22  -186 
-192  0  -56  -188  -194  0  -62  -174  -180  0  -63  -175  -181  0  -64  -176 
-182  0  -65  -177  -183  0  -66  -178  -184  0  -68  -179  -185  0  -107 
-187  -193  0  -110  -189  -195  0  -114  -190  -196  0  -123  -191  -197  0
