1  0  1  5  13  0  1  -5  -13  0  2  16  17  0  2  -16  -17  0  3  0 
3  11  21  0  3  -11  -21  0  4  12  22  0  4  -12  -22  0  5  -1  -13  0  5 
-24  -26  0  6  7  -23  0  6  23  -7  0  6  -9  0  6  -25  -27  0  7  8  21  0 
7  23  -6  0  7  -8  -21  0  8  0  8  -7  -21  0  9  10  22  0  9  -6  -23  0 
9  -10  -22  0  10  0  10  -9  -22  0  11  0  11  -3  -21  0  12  0  12  -4 
-22  0  13  0  13  -1  -5  0  14  15  16  0  14  -15  -16  0  14  -19  0  14 
-24  -27  0  15  25  0  15  26  0  15  -14  -16  0  16  -2  -17  0  16  -14 
-15  0  17  0  17  -2  -16  0  18  -19  0  18  -25  -26  0  19  20  23  0  19 
-14  -18  0  19  -20  -23  0  20  0  20  -19  -23  0  21  -3  -11  0  21  -7 
-8  0  22  -4  -12  0  22  -9  -10  0  23  -9  0  23  -19  -20  0  24  -5  0 
24  -14  0  25  -6  0  25  -18  0  26  -5  0  26  -18  0  27  -6  0  27  -14 
0  -2  0  -4  0  -6  -7  -23  0  -15  -25  -26  0
