1  11  108  0  1  -11  -108  0  2  141  152  0  2  -141 
-152  0  3  140  142  0  3  -140  -142  0  4  191  192  0  4  -191  -192  0  5 
58  59  0  5  -58  -59  0  6  0  6  65  66  0  6  -65  -66  0  7  76  77  0  7 
-76  -77  0  8  87  88  0  8  -87  -88  0  9  98  99  0  9  -98  -99  0  10 
105  106  0  10  -105  -106  0  11  -1  -108  0  11  -227  -232  0  12  23  34 
0  12  67  -89  0  12  -23  -34  0  12  -78  0  12  -227  -234  0  13  14  202 
0  13  230  0  13  233  0  13  -14  -202  0  14  15  -219  0  14  219  -15  0 
14  -13  -202  0  15  16  206  0  15  219  -14  0  15  -16  -206  0  16  0  16 
-15  -206  0  17  202  -19  0  17  -18  0  17  -230  -233  0  18  20  -21  0 
18  -17  -202  0  19  -17  0  19  -20  0  19  -202  0  20  -19  -219  0  21 
22  220  0  21  -18  0  21  -20  0  21  -22  -220  0  22  0  22  -21  -220  0 
23  228  0  23  233  0  23  -12  -34  0  24  25  203  0  24  230  0  24  234 
0  24  -25  -203  0  25  26  -220  0  25  220  -26  0  25  -24  -203  0  26 
27  207  0  26  220  -25  0  26  -27  -207  0  27  0  27  -26  -207  0  28 
203  -30  0  28  -29  0  28  -230  -234  0  29  31  -32  0  29  -28  -203  0 
30  -28  0  30  -31  0  30  -203  0  31  -30  -220  0  32  33  221  0  32  -29 
0  32  -31  0  32  -33  -221  0  33  0  33  -32  -221  0  34  45  -211  0  34 
211  -45  0  34  -12  -23  0  35  36  204  0  35  230  0  35  235  0  35  -36 
-204  0  36  37  -221  0  36  221  -37  0  36  -35  -204  0  37  38  208  0 
37  221  -36  0  37  -38  -208  0  38  0  38  -37  -208  0  39  204  -41  0 
39  -40  0  39  -230  -235  0  40  42  -43  0  40  -39  -204  0  41  -39  0 
41  -42  0  41  -204  0  42  -41  -221  0  43  44  222  0  43  -40  0  43  -42 
0  43  -44  -222  0  44  0  44  -43  -222  0  45  56  196  0  45  211  -34  0 
45  -56  -196  0  46  47  205  0  46  230  0  46  236  0  46  -47  -205  0  47 
48  -222  0  47  222  -48  0  47  -46  -205  0  48  49  209  0  48  222  -47 
0  48  -49  -209  0  49  0  49  -48  -209  0  50  205  -52  0  50  -51  0  50 
-230  -236  0  51  53  -54  0  51  -50  -205  0  52  -50  0  52  -53  0  52 
-205  0  53  -52  -222  0  54  55  210  0  54  -51  0  54  -53  0  54  -55 
-210  0  55  0  55  -54  -210  0  56  0  56  -45  -196  0  57  58  206  0  57 
231  0  57  232  0  57  -58  -206  0  58  -5  -59  0  58  -57  -206  0  59  0 
59  -5  -58  0  60  -61  0  60  -231  -232  0  61  62  223  0  61  -60  -206 
0  61  -62  -223  0  62  0  62  -61  -223  0  63  64  207  0  63  231  0  63 
233  0  63  -64  -207  0  64  65  -223  0  64  223  -65  0  64  -63  -207  0 
65  223  -64  0  65  -6  -66  0  66  0  66  -6  -65  0  67  -78  0  67  -228 
-233  0  68  207  -70  0  68  -69  0  68  -231  -233  0  69  71  -72  0  69 
-68  -207  0  70  -68  0  70  -71  0  70  -207  0  71  -70  -223  0  72  73 
224  0  72  -69  0  72  -71  0  72  -73  -224  0  73  0  73  -72  -224  0  74 
75  208  0  74  231  0  74  234  0  74  -75  -208  0  75  76  -224  0  75  224 
-76  0  75  -74  -208  0  76  224  -75  0  76  -7  -77  0  77  0  77  -7  -76 
0  78  100  -107  0  78  -12  -67  0  79  208  -81  0  79  -80  0  79  -231 
-234  0  80  82  -83  0  80  -79  -208  0  81  -79  0  81  -82  0  81  -208  0 
82  -81  -224  0  83  84  225  0  83  -80  0  83  -82  0  83  -84  -225  0  84 
0  84  -83  -225  0  85  86  209  0  85  231  0  85  235  0  85  -86  -209  0 
86  87  -225  0  86  225  -87  0  86  -85  -209  0  87  225  -86  0  87  -8 
-88  0  88  0  88  -8  -87  0  89  -12  0  89  -67  0  89  -100  0  90  209 
-92  0  90  -91  0  90  -231  -235  0  91  93  -94  0  91  -90  -209  0  92 
-90  0  92  -93  0  92  -209  0  93  -92  -225  0  94  95  226  0  94  -91  0 
94  -93  0  94  -95  -226  0  95  0  95  -94  -226  0  96  97  210  0  96  231 
0  96  236  0  96  -97  -210  0  97  98  -226  0  97  226  -98  0  97  -96 
-210  0  98  226  -97  0  98  -9  -99  0  99  0  99  -9  -98  0  100  -89 
-211  0  101  210  -103  0  101  -102  0  101  -231  -236  0  102  104  -105 
0  102  -101  -210  0  103  -101  0  103  -104  0  103  -210  0  104  -103 
-226  0  105  -10  -106  0  105  -102  0  105  -104  0  106  0  106  -10  -105 
0  107  109  212  0  107  -78  0  107  -100  0  107  -109  -212  0  108  0 
108  -1  -11  0  109  0  109  -107  -212  0  110  111  112  0  110  115  -117 
0  110  -111  -112  0  110  -116  0  110  -227  -235  0  111  228  0  111  234 
0  111  -110  -112  0  112  113  -212  0  112  212  -113  0  112  -110  -111 
0  113  114  197  0  113  212  -112  0  113  -114  -197  0  114  0  114  -113 
-197  0  115  -116  0  115  -228  -234  0  116  118  -120  0  116  -110  -115 
0  117  -110  0  117  -115  0  117  -118  0  118  -117  -212  0  119  130  141 
0  119  -130  -141  0  119  -174  0  119  -227  -233  0  120  121  213  0  120 
-116  0  120  -118  0  120  -121  -213  0  121  0  121  -120  -213  0  122 
123  124  0  122  127  -129  0  122  -123  -124  0  122  -128  0  122  -227 
-236  0  123  228  0  123  235  0  123  -122  -124  0  124  125  -213  0  124 
213  -125  0  124  -122  -123  0  125  126  198  0  125  213  -124  0  125 
-126  -198  0  126  0  126  -125  -198  0  127  -128  0  127  -228  -235  0 
128  131  -132  0  128  -122  -127  0  129  -122  0  129  -127  0  129  -131 
0  130  228  0  130  232  0  130  -119  -141  0  131  -129  -213  0  132  133 
214  0  132  -128  0  132  -131  0  132  -133  -214  0  133  0  133  -132 
-214  0  134  135  -214  0  134  214  -135  0  134  -137  0  134  -228  -236 
0  135  136  199  0  135  214  -134  0  135  -136  -199  0  136  0  136  -135 
-199  0  137  138  200  0  137  -134  -214  0  137  -138  -200  0  138  0  138 
-137  -200  0  139  140  196  0  139  229  0  139  232  0  139  -140  -196  0 
140  -3  -142  0  140  -139  -196  0  141  -2  -152  0  141  -119  -130  0 
142  0  142  -3  -140  0  143  -144  0  143  -229  -232  0  144  145  215  0 
144  -143  -196  0  144  -145  -215  0  145  0  145  -144  -215  0  146  147 
197  0  146  229  0  146  233  0  146  -147  -197  0  147  148  -215  0  147 
215  -148  0  147  -146  -197  0  148  149  201  0  148  215  -147  0  148 
-149  -201  0  149  0  149  -148  -201  0  150  197  -153  0  150  -151  0 
150  -229  -233  0  151  154  -155  0  151  -150  -197  0  152  0  152  -2 
-141  0  153  -150  0  153  -154  0  153  -197  0  154  -153  -215  0  155 
156  216  0  155  -151  0  155  -154  0  155  -156  -216  0  156  0  156  -155 
-216  0  157  158  198  0  157  229  0  157  234  0  157  -158  -198  0  158 
159  -216  0  158  216  -159  0  158  -157  -198  0  159  160  202  0  159 
216  -158  0  159  -160  -202  0  160  0  160  -159  -202  0  161  198  -164 
0  161  -162  0  161  -229  -234  0  162  165  -166  0  162  -161  -198  0 
163  -174  0  163  -228  -232  0  164  -161  0  164  -165  0  164  -198  0 
165  -164  -216  0  166  167  217  0  166  -162  0  166  -165  0  166  -167 
-217  0  167  0  167  -166  -217  0  168  169  199  0  168  229  0  168  235 
0  168  -169  -199  0  169  170  -217  0  169  217  -170  0  169  -168  -199 
0  170  171  203  0  170  217  -169  0  170  -171  -203  0  171  0  171  -170 
-203  0  172  199  -175  0  172  -173  0  172  -229  -235  0  173  176  -177 
0  173  -172  -199  0  174  185  211  0  174  -119  -163  0  174  -185  -211 
0  175  -172  0  175  -176  0  175  -199  0  176  -175  -217  0  177  178  218 
0  177  -173  0  177  -176  0  177  -178  -218  0  178  0  178  -177  -218  0 
179  180  200  0  179  229  0  179  236  0  179  -180  -200  0  180  181  -218 
0  180  218  -181  0  180  -179  -200  0  181  182  204  0  181  218  -180  0 
181  -182  -204  0  182  0  182  -181  -204  0  183  200  -186  0  183  -184 
0  183  -229  -236  0  184  187  -188  0  184  -183  -200  0  185  0  185 
-174  -211  0  186  -183  0  186  -187  0  186  -200  0  187  -186  -218  0 
188  189  205  0  188  -184  0  188  -187  0  188  -189  -205  0  189  0  189 
-188  -205  0  190  191  201  0  190  230  0  190  232  0  190  -191  -201  0 
191  -4  -192  0  191  -190  -201  0  192  0  192  -4  -191  0  193  -194  0 
193  -230  -232  0  194  195  219  0  194  -193  -201  0  194  -195  -219  0 
195  0  195  -194  -219  0  196  -45  -56  0  196  -139  -140  0  196  -144  0 
197  -113  -114  0  197  -146  -147  0  197  -151  0  198  -125  -126  0  198 
-157  -158  0  198  -162  0  199  -135  -136  0  199  -168  -169  0  199  -173 
0  200  -137  -138  0  200  -179  -180  0  200  -184  0  201  -148  -149  0 
201  -190  -191  0  201  -194  0  202  -13  -14  0  202  -18  0  202  -159 
-160  0  203  -24  -25  0  203  -29  0  203  -170  -171  0  204  -35  -36  0 
204  -40  0  204  -181  -182  0  205  -46  -47  0  205  -51  0  205  -188 
-189  0  206  -15  -16  0  206  -57  -58  0  206  -61  0  207  -26  -27  0 
207  -63  -64  0  207  -69  0  208  -37  -38  0  208  -74  -75  0  208  -80  0 
209  -48  -49  0  209  -85  -86  0  209  -91  0  210  -54  -55  0  210  -96 
-97  0  210  -102  0  211  -100  0  211  -174  -185  0  212  -107  -109  0 
212  -118  0  213  -120  -121  0  213  -131  0  214  -132  -133  0  214  -137 
0  215  -144  -145  0  215  -154  0  216  -155  -156  0  216  -165  0  217 
-166  -167  0  217  -176  0  218  -177  -178  0  218  -187  0  219  -20  0 
219  -194  -195  0  220  -21  -22  0  220  -31  0  221  -32  -33  0  221  -42 
0  222  -43  -44  0  222  -53  0  223  -61  -62  0  223  -71  0  224  -72  -73 
0  224  -82  0  225  -83  -84  0  225  -93  0  226  -94  -95  0  226  -104  0 
227  -11  0  227  -12  0  227  -110  0  227  -119  0  227  -122  0  228  -67 
0  228  -115  0  228  -127  0  228  -134  0  228  -163  0  229  -143  0  229 
-150  0  229  -161  0  229  -172  0  229  -183  0  230  -17  0  230  -28  0 
230  -39  0  230  -50  0  230  -193  0  231  -60  0  231  -68  0  231  -79  0 
231  -90  0  231  -101  0  232  -11  0  232  -60  0  232  -143  0  232  -163 
0  232  -193  0  233  -17  0  233  -67  0  233  -68  0  233  -119  0  233 
-150  0  234  -12  0  234  -28  0  234  -79  0  234  -115  0  234  -161  0 
235  -39  0  235  -90  0  235  -110  0  235  -127  0  235  -172  0  236  -50 
0  236  -101  0  236  -122  0  236  -134  0  236  -183  0  -1  0  -2  0  -3  0 
-4  0  -5  0  -7  0  -8  0  -9  0  -10  0  -13  -230  -233  0  -14  -15  -219 
0  -23  -228  -233  0  -24  -230  -234  0  -25  -26  -220  0  -34  -45  -211 
0  -35  -230  -235  0  -36  -37  -221  0  -46  -230  -236  0  -47  -48  -222 
0  -57  -231  -232  0  -63  -231  -233  0  -64  -65  -223  0  -74  -231  -234 
0  -75  -76  -224  0  -85  -231  -235  0  -86  -87  -225  0  -96  -231  -236 
0  -97  -98  -226  0  -111  -228  -234  0  -112  -113  -212  0  -123  -228 
-235  0  -124  -125  -213  0  -130  -228  -232  0  -134  -135  -214  0  -139 
-229  -232  0  -146  -229  -233  0  -147  -148  -215  0  -157  -229  -234  0 
-158  -159  -216  0  -168  -229  -235  0  -169  -170  -217  0  -179  -229 
-236  0  -180  -181  -218  0  -190  -230  -232  0 
