1  0  1  7  18  0  1  -7  -18  0  2  0  2  51  54  0  2  -51 
-54  0  3  26  27  0  3  -26  -27  0  4  0  4  34  35  0  4  -34  -35  0  5 
45  46  0  5  -45  -46  0  6  52  53  0  6  -52  -53  0  7  -1  -18  0  7  -65 
-68  0  8  9  10  0  8  13  -15  0  8  -9  -10  0  8  -14  0  8  -65  -70  0 
9  66  0  9  69  0  9  -8  -10  0  10  11  -61  0  10  61  -11  0  10  -8  -9 
0  11  12  58  0  11  61  -10  0  11  -12  -58  0  12  0  12  -11  -58  0  13 
-14  0  13  -66  -69  0  14  16  -17  0  14  -8  -13  0  15  -8  0  15  -13  0 
15  -16  0  16  -15  -61  0  17  19  62  0  17  -14  0  17  -16  0  17  -19 
-62  0  18  0  18  -1  -7  0  19  0  19  -17  -62  0  20  21  -62  0  20  62 
-21  0  20  -23  0  20  -66  -70  0  21  22  59  0  21  62  -20  0  21  -22 
-59  0  22  0  22  -21  -59  0  23  24  60  0  23  -20  -62  0  23  -24  -60 
0  24  0  24  -23  -60  0  25  26  58  0  25  67  0  25  68  0  25  -26  -58 
0  26  -3  -27  0  26  -25  -58  0  27  0  27  -3  -26  0  28  -30  0  28  -67 
-68  0  29  40  51  0  29  -40  -51  0  29  -56  0  29  -65  -69  0  30  31 
63  0  30  -28  -58  0  30  -31  -63  0  31  0  31  -30  -63  0  32  33  59  0 
32  67  0  32  69  0  32  -33  -59  0  33  34  -63  0  33  63  -34  0  33  -32 
-59  0  34  63  -33  0  34  -4  -35  0  35  0  35  -4  -34  0  36  59  -38  0 
36  -37  0  36  -67  -69  0  37  39  -41  0  37  -36  -59  0  38  -36  0  38 
-39  0  38  -59  0  39  -38  -63  0  40  66  0  40  68  0  40  -29  -51  0  41 
42  64  0  41  -37  0  41  -39  0  41  -42  -64  0  42  0  42  -41  -64  0  43 
44  60  0  43  67  0  43  70  0  43  -44  -60  0  44  45  -64  0  44  64  -45 
0  44  -43  -60  0  45  64  -44  0  45  -5  -46  0  46  0  46  -5  -45  0  47 
60  -49  0  47  -48  0  47  -67  -70  0  48  50  -52  0  48  -47  -60  0  49 
-47  0  49  -50  0  49  -60  0  50  -49  -64  0  51  -2  -54  0  51  -29  -40 
0  52  -6  -53  0  52  -48  0  52  -50  0  53  0  53  -6  -52  0  54  0  54 
-2  -51  0  55  -56  0  55  -66  -68  0  56  57  61  0  56  -29  -55  0  56 
-57  -61  0  57  0  57  -56  -61  0  58  -11  -12  0  58  -25  -26  0  58  -30 
0  59  -21  -22  0  59  -32  -33  0  59  -37  0  60  -23  -24  0  60  -43  -44 
0  60  -48  0  61  -16  0  61  -56  -57  0  62  -17  -19  0  62  -23  0  63 
-30  -31  0  63  -39  0  64  -41  -42  0  64  -50  0  65  -7  0  65  -8  0  65 
-29  0  66  -13  0  66  -20  0  66  -55  0  67  -28  0  67  -36  0  67  -47  0 
68  -7  0  68  -28  0  68  -55  0  69  -13  0  69  -29  0  69  -36  0  70  -8 
0  70  -20  0  70  -47  0  -3  0  -5  0  -6  0  -9  -66  -69  0  -10  -11  -61 
0  -20  -21  -62  0  -25  -67  -68  0  -32  -67  -69  0  -33  -34  -63  0  -40 
-66  -68  0  -43  -67  -70  0  -44  -45  -64  0 
