1  0  1  15  126  0  1  -15  -126  0  2  359  370  0  2 
-359  -370  0  3  318  319  0  3  -318  -319  0  4  329  330  0  4  -329  -330 
0  5  340  341  0  5  -340  -341  0  6  346  347  0  6  -346  -347  0  7  383 
384  0  7  -383  -384  0  8  57  58  0  8  -57  -58  0  9  131  132  0  9 
-131  -132  0  10  203  205  0  10  -203  -205  0  11  277  278  0  11  -277 
-278  0  12  0  12  285  286  0  12  -285  -286  0  13  296  297  0  13  -296 
-297  0  14  307  308  0  14  -307  -308  0  15  -1  -126  0  15  -485  -492 
0  16  27  38  0  16  71  -93  0  16  -27  -38  0  16  -82  0  16  -485  -494 
0  17  417  -19  0  17  -18  0  17  -487  -495  0  18  20  -21  0  18  -17 
-417  0  19  -17  0  19  -20  0  19  -417  0  20  -19  -457  0  21  22  458  0 
21  -18  0  21  -20  0  21  -22  -458  0  22  0  22  -21  -458  0  23  24  418 
0  23  487  0  23  496  0  23  -24  -418  0  24  25  -458  0  24  458  -25  0 
24  -23  -418  0  25  26  424  0  25  458  -24  0  25  -26  -424  0  26  0  26 
-25  -424  0  27  486  0  27  493  0  27  -16  -38  0  28  418  -30  0  28 
-29  0  28  -487  -496  0  29  31  -32  0  29  -28  -418  0  30  -28  0  30 
-31  0  30  -418  0  31  -30  -458  0  32  33  459  0  32  -29  0  32  -31  0 
32  -33  -459  0  33  0  33  -32  -459  0  34  35  419  0  34  487  0  34  497 
0  34  -35  -419  0  35  36  -459  0  35  459  -36  0  35  -34  -419  0  36 
37  425  0  36  459  -35  0  36  -37  -425  0  37  0  37  -36  -425  0  38  49 
-449  0  38  449  -49  0  38  -16  -27  0  39  419  -41  0  39  -40  0  39 
-487  -497  0  40  42  -43  0  40  -39  -419  0  41  -39  0  41  -42  0  41 
-419  0  42  -41  -459  0  43  44  460  0  43  -40  0  43  -42  0  43  -44 
-460  0  44  0  44  -43  -460  0  45  46  420  0  45  487  0  45  498  0  45 
-46  -420  0  46  47  -460  0  46  460  -47  0  46  -45  -420  0  47  48  426 
0  47  460  -46  0  47  -48  -426  0  48  0  48  -47  -426  0  49  60  414  0 
49  449  -38  0  49  -60  -414  0  50  420  -52  0  50  -51  0  50  -487  -498 
0  51  53  -54  0  51  -50  -420  0  52  -50  0  52  -53  0  52  -420  0  53 
-52  -460  0  54  55  427  0  54  -51  0  54  -53  0  54  -55  -427  0  55  0 
55  -54  -427  0  56  57  421  0  56  488  0  56  492  0  56  -57  -421  0  57 
-8  -58  0  57  -56  -421  0  58  0  58  -8  -57  0  59  -61  0  59  -488 
-492  0  60  0  60  -49  -414  0  61  62  461  0  61  -59  -421  0  61  -62 
-461  0  62  0  62  -61  -461  0  63  64  422  0  63  488  0  63  493  0  63 
-64  -422  0  64  65  -461  0  64  461  -65  0  64  -63  -422  0  65  66  428 
0  65  461  -64  0  65  -66  -428  0  66  0  66  -65  -428  0  67  422  -69  0 
67  -68  0  67  -488  -493  0  68  70  -72  0  68  -67  -422  0  69  -67  0 
69  -70  0  69  -422  0  70  -69  -461  0  71  -82  0  71  -486  -493  0  72 
73  462  0  72  -68  0  72  -70  0  72  -73  -462  0  73  0  73  -72  -462  0 
74  75  423  0  74  488  0  74  494  0  74  -75  -423  0  75  76  -462  0  75 
462  -76  0  75  -74  -423  0  76  77  429  0  76  462  -75  0  76  -77  -429 
0  77  0  77  -76  -429  0  78  423  -80  0  78  -79  0  78  -488  -494  0  79 
81  -83  0  79  -78  -423  0  80  -78  0  80  -81  0  80  -423  0  81  -80 
-462  0  82  104  -115  0  82  -16  -71  0  83  84  463  0  83  -79  0  83 
-81  0  83  -84  -463  0  84  0  84  -83  -463  0  85  86  424  0  85  488  0 
85  495  0  85  -86  -424  0  86  87  -463  0  86  463  -87  0  86  -85  -424 
0  87  88  430  0  87  463  -86  0  87  -88  -430  0  88  0  88  -87  -430  0 
89  424  -91  0  89  -90  0  89  -488  -495  0  90  92  -94  0  90  -89  -424 
0  91  -89  0  91  -92  0  91  -424  0  92  -91  -463  0  93  -16  0  93  -71 
0  93  -104  0  94  95  464  0  94  -90  0  94  -92  0  94  -95  -464  0  95 
0  95  -94  -464  0  96  97  425  0  96  488  0  96  496  0  96  -97  -425  0 
97  98  -464  0  97  464  -98  0  97  -96  -425  0  98  99  431  0  98  464 
-97  0  98  -99  -431  0  99  0  99  -98  -431  0  100  425  -102  0  100 
-101  0  100  -488  -496  0  101  103  -105  0  101  -100  -425  0  102  -100 
0  102  -103  0  102  -425  0  103  -102  -464  0  104  -93  -449  0  105  106 
465  0  105  -101  0  105  -103  0  105  -106  -465  0  106  0  106  -105 
-465  0  107  108  426  0  107  488  0  107  497  0  107  -108  -426  0  108 
109  -465  0  108  465  -109  0  108  -107  -426  0  109  110  432  0  109 
465  -108  0  109  -110  -432  0  110  0  110  -109  -432  0  111  426  -113 
0  111  -112  0  111  -488  -497  0  112  114  -116  0  112  -111  -426  0 
113  -111  0  113  -114  0  113  -426  0  114  -113  -465  0  115  127  450  0 
115  -82  0  115  -104  0  115  -127  -450  0  116  117  466  0  116  -112  0 
116  -114  0  116  -117  -466  0  117  0  117  -116  -466  0  118  119  427  0 
118  488  0  118  498  0  118  -119  -427  0  119  120  -466  0  119  466 
-120  0  119  -118  -427  0  120  121  433  0  120  466  -119  0  120  -121 
-433  0  121  0  121  -120  -433  0  122  427  -124  0  122  -123  0  122 
-488  -498  0  123  125  -128  0  123  -122  -427  0  124  -122  0  124  -125 
0  124  -427  0  125  -124  -466  0  126  0  126  -1  -15  0  127  0  127 
-115  -450  0  128  129  434  0  128  -123  0  128  -125  0  128  -129  -434 
0  129  0  129  -128  -434  0  130  131  428  0  130  489  0  130  492  0  130 
-131  -428  0  131  -9  -132  0  131  -130  -428  0  132  0  132  -9  -131  0 
133  -134  0  133  -489  -492  0  134  135  467  0  134  -133  -428  0  134 
-135  -467  0  135  0  135  -134  -467  0  136  137  429  0  136  489  0  136 
493  0  136  -137  -429  0  137  139  -467  0  137  467  -139  0  137  -136 
-429  0  138  149  160  0  138  193  -215  0  138  -149  -160  0  138  -204  0 
138  -485  -495  0  139  140  435  0  139  467  -137  0  139  -140  -435  0 
140  0  140  -139  -435  0  141  429  -143  0  141  -142  0  141  -489  -493 
0  142  144  -145  0  142  -141  -429  0  143  -141  0  143  -144  0  143 
-429  0  144  -143  -467  0  145  146  468  0  145  -142  0  145  -144  0  145 
-146  -468  0  146  0  146  -145  -468  0  147  148  430  0  147  489  0  147 
494  0  147  -148  -430  0  148  150  -468  0  148  468  -150  0  148  -147 
-430  0  149  486  0  149  494  0  149  -138  -160  0  150  151  436  0  150 
468  -148  0  150  -151  -436  0  151  0  151  -150  -436  0  152  430  -154 
0  152  -153  0  152  -489  -494  0  153  155  -156  0  153  -152  -430  0 
154  -152  0  154  -155  0  154  -430  0  155  -154  -468  0  156  157  469  0 
156  -153  0  156  -155  0  156  -157  -469  0  157  0  157  -156  -469  0 
158  159  431  0  158  489  0  158  495  0  158  -159  -431  0  159  161  -469 
0  159  469  -161  0  159  -158  -431  0  160  171  -450  0  160  450  -171  0 
160  -138  -149  0  161  162  437  0  161  469  -159  0  161  -162  -437  0 
162  0  162  -161  -437  0  163  431  -165  0  163  -164  0  163  -489  -495 
0  164  166  -167  0  164  -163  -431  0  165  -163  0  165  -166  0  165 
-431  0  166  -165  -469  0  167  168  470  0  167  -164  0  167  -166  0  167 
-168  -470  0  168  0  168  -167  -470  0  169  170  432  0  169  489  0  169 
496  0  169  -170  -432  0  170  172  -470  0  170  470  -172  0  170  -169 
-432  0  171  182  415  0  171  450  -160  0  171  -182  -415  0  172  173 
438  0  172  470  -170  0  172  -173  -438  0  173  0  173  -172  -438  0  174 
432  -176  0  174  -175  0  174  -489  -496  0  175  177  -178  0  175  -174 
-432  0  176  -174  0  176  -177  0  176  -432  0  177  -176  -470  0  178 
179  471  0  178  -175  0  178  -177  0  178  -179  -471  0  179  0  179  -178 
-471  0  180  181  433  0  180  489  0  180  497  0  180  -181  -433  0  181 
183  -471  0  181  471  -183  0  181  -180  -433  0  182  0  182  -171  -415 
0  183  184  439  0  183  471  -181  0  183  -184  -439  0  184  0  184  -183 
-439  0  185  433  -187  0  185  -186  0  185  -489  -497  0  186  188  -189 
0  186  -185  -433  0  187  -185  0  187  -188  0  187  -433  0  188  -187 
-471  0  189  190  472  0  189  -186  0  189  -188  0  189  -190  -472  0  190 
0  190  -189  -472  0  191  192  434  0  191  489  0  191  498  0  191  -192 
-434  0  192  194  -472  0  192  472  -194  0  192  -191  -434  0  193  -204 
0  193  -486  -494  0  194  195  440  0  194  472  -192  0  194  -195  -440  0 
195  0  195  -194  -440  0  196  434  -198  0  196  -197  0  196  -489  -498 
0  197  199  -200  0  197  -196  -434  0  198  -196  0  198  -199  0  198 
-434  0  199  -198  -472  0  200  201  441  0  200  -197  0  200  -199  0  200 
-201  -441  0  201  0  201  -200  -441  0  202  203  435  0  202  490  0  202 
492  0  202  -203  -435  0  203  -10  -205  0  203  -202  -435  0  204  226 
-238  0  204  -138  -193  0  205  0  205  -10  -203  0  206  -207  0  206 
-490  -492  0  207  208  473  0  207  -206  -435  0  207  -208  -473  0  208 
0  208  -207  -473  0  209  210  436  0  209  490  0  209  493  0  209  -210 
-436  0  210  211  -473  0  210  473  -211  0  210  -209  -436  0  211  212 
442  0  211  473  -210  0  211  -212  -442  0  212  0  212  -211  -442  0  213 
436  -216  0  213  -214  0  213  -490  -493  0  214  217  -218  0  214  -213 
-436  0  215  -138  0  215  -193  0  215  -226  0  216  -213  0  216  -217  0 
216  -436  0  217  -216  -473  0  218  219  474  0  218  -214  0  218  -217  0 
218  -219  -474  0  219  0  219  -218  -474  0  220  221  437  0  220  490  0 
220  494  0  220  -221  -437  0  221  222  -474  0  221  474  -222  0  221 
-220  -437  0  222  223  443  0  222  474  -221  0  222  -223  -443  0  223  0 
223  -222  -443  0  224  437  -227  0  224  -225  0  224  -490  -494  0  225 
228  -229  0  225  -224  -437  0  226  -215  -450  0  227  -224  0  227  -228 
0  227  -437  0  228  -227  -474  0  229  230  475  0  229  -225  0  229  -228 
0  229  -230  -475  0  230  0  230  -229  -475  0  231  232  438  0  231  490 
0  231  495  0  231  -232  -438  0  232  233  -475  0  232  475  -233  0  232 
-231  -438  0  233  234  444  0  233  475  -232  0  233  -234  -444  0  234  0 
234  -233  -444  0  235  438  -239  0  235  -236  0  235  -490  -495  0  236 
240  -241  0  236  -235  -438  0  237  348  359  0  237  -348  -359  0  237 
-392  0  237  -485  -493  0  238  249  451  0  238  -204  0  238  -226  0  238 
-249  -451  0  239  -235  0  239  -240  0  239  -438  0  240  -239  -475  0 
241  242  476  0  241  -236  0  241  -240  0  241  -242  -476  0  242  0  242 
-241  -476  0  243  244  439  0  243  490  0  243  496  0  243  -244  -439  0 
244  245  -476  0  244  476  -245  0  244  -243  -439  0  245  246  445  0 
245  476  -244  0  245  -246  -445  0  246  0  246  -245  -445  0  247  439 
-250  0  247  -248  0  247  -490  -496  0  248  251  -252  0  248  -247  -439 
0  249  0  249  -238  -451  0  250  -247  0  250  -251  0  250  -439  0  251 
-250  -476  0  252  253  477  0  252  -248  0  252  -251  0  252  -253  -477 
0  253  0  253  -252  -477  0  254  255  440  0  254  490  0  254  497  0  254 
-255  -440  0  255  256  -477  0  255  477  -256  0  255  -254  -440  0  256 
257  446  0  256  477  -255  0  256  -257  -446  0  257  0  257  -256  -446  0 
258  440  -261  0  258  -259  0  258  -490  -497  0  259  262  -263  0  259 
-258  -440  0  260  271  282  0  260  315  -337  0  260  -271  -282  0  260 
-326  0  260  -485  -496  0  261  -258  0  261  -262  0  261  -440  0  262 
-261  -477  0  263  264  478  0  263  -259  0  263  -262  0  263  -264  -478 
0  264  0  264  -263  -478  0  265  266  441  0  265  490  0  265  498  0  265 
-266  -441  0  266  267  -478  0  266  478  -267  0  266  -265  -441  0  267 
268  447  0  267  478  -266  0  267  -268  -447  0  268  0  268  -267  -447  0 
269  441  -272  0  269  -270  0  269  -490  -498  0  270  273  -274  0  270 
-269  -441  0  271  486  0  271  495  0  271  -260  -282  0  272  -269  0  272 
-273  0  272  -441  0  273  -272  -478  0  274  275  448  0  274  -270  0  274 
-273  0  274  -275  -448  0  275  0  275  -274  -448  0  276  277  442  0  276 
491  0  276  492  0  276  -277  -442  0  277  -11  -278  0  277  -276  -442  0 
278  0  278  -11  -277  0  279  -280  0  279  -491  -492  0  280  281  479  0 
280  -279  -442  0  280  -281  -479  0  281  0  281  -280  -479  0  282  293 
-451  0  282  451  -293  0  282  -260  -271  0  283  284  443  0  283  491  0 
283  493  0  283  -284  -443  0  284  285  -479  0  284  479  -285  0  284 
-283  -443  0  285  479  -284  0  285  -12  -286  0  286  0  286  -12  -285  0 
287  443  -289  0  287  -288  0  287  -491  -493  0  288  290  -291  0  288 
-287  -443  0  289  -287  0  289  -290  0  289  -443  0  290  -289  -479  0 
291  292  480  0  291  -288  0  291  -290  0  291  -292  -480  0  292  0  292 
-291  -480  0  293  304  416  0  293  451  -282  0  293  -304  -416  0  294 
295  444  0  294  491  0  294  494  0  294  -295  -444  0  295  296  -480  0 
295  480  -296  0  295  -294  -444  0  296  480  -295  0  296  -13  -297  0 
297  0  297  -13  -296  0  298  444  -300  0  298  -299  0  298  -491  -494  0 
299  301  -302  0  299  -298  -444  0  300  -298  0  300  -301  0  300  -444 
0  301  -300  -480  0  302  303  481  0  302  -299  0  302  -301  0  302  -303 
-481  0  303  0  303  -302  -481  0  304  0  304  -293  -416  0  305  306  445 
0  305  491  0  305  495  0  305  -306  -445  0  306  307  -481  0  306  481 
-307  0  306  -305  -445  0  307  481  -306  0  307  -14  -308  0  308  0  308 
-14  -307  0  309  445  -311  0  309  -310  0  309  -491  -495  0  310  312 
-313  0  310  -309  -445  0  311  -309  0  311  -312  0  311  -445  0  312 
-311  -481  0  313  314  482  0  313  -310  0  313  -312  0  313  -314  -482 
0  314  0  314  -313  -482  0  315  -326  0  315  -486  -495  0  316  317  446 
0  316  491  0  316  496  0  316  -317  -446  0  317  318  -482  0  317  482 
-318  0  317  -316  -446  0  318  482  -317  0  318  -3  -319  0  319  0  319 
-3  -318  0  320  446  -322  0  320  -321  0  320  -491  -496  0  321  323 
-324  0  321  -320  -446  0  322  -320  0  322  -323  0  322  -446  0  323 
-322  -482  0  324  325  483  0  324  -321  0  324  -323  0  324  -325  -483 
0  325  0  325  -324  -483  0  326  349  -350  0  326  -260  -315  0  327  328 
447  0  327  491  0  327  497  0  327  -328  -447  0  328  329  -483  0  328 
483  -329  0  328  -327  -447  0  329  483  -328  0  329  -4  -330  0  330  0 
330  -4  -329  0  331  447  -333  0  331  -332  0  331  -491  -497  0  332 
334  -335  0  332  -331  -447  0  333  -331  0  333  -334  0  333  -447  0 
334  -333  -483  0  335  336  484  0  335  -332  0  335  -334  0  335  -336 
-484  0  336  0  336  -335  -484  0  337  -260  0  337  -315  0  337  -349  0 
338  339  448  0  338  491  0  338  498  0  338  -339  -448  0  339  340  -484 
0  339  484  -340  0  339  -338  -448  0  340  484  -339  0  340  -5  -341  0 
341  0  341  -5  -340  0  342  448  -344  0  342  -343  0  342  -491  -498  0 
343  345  -346  0  343  -342  -448  0  344  -342  0  344  -345  0  344  -448 
0  345  -344  -484  0  346  -6  -347  0  346  -343  0  346  -345  0  347  0 
347  -6  -346  0  348  486  0  348  492  0  348  -237  -359  0  349  -337 
-451  0  350  351  452  0  350  -326  0  350  -349  0  350  -351  -452  0  351 
0  351  -350  -452  0  352  353  354  0  352  357  -360  0  352  -353  -354  0 
352  -358  0  352  -485  -497  0  353  486  0  353  496  0  353  -352  -354  0 
354  355  -452  0  354  452  -355  0  354  -352  -353  0  355  356  417  0 
355  452  -354  0  355  -356  -417  0  356  0  356  -355  -417  0  357  -358 
0  357  -486  -496  0  358  361  -362  0  358  -352  -357  0  359  -2  -370  0 
359  -237  -348  0  360  -352  0  360  -357  0  360  -361  0  361  -360  -452 
0  362  363  453  0  362  -358  0  362  -361  0  362  -363  -453  0  363  0 
363  -362  -453  0  364  365  366  0  364  369  -372  0  364  -365  -366  0 
364  -371  0  364  -485  -498  0  365  486  0  365  497  0  365  -364  -366  0 
366  367  -453  0  366  453  -367  0  366  -364  -365  0  367  368  418  0 
367  453  -366  0  367  -368  -418  0  368  0  368  -367  -418  0  369  -371 
0  369  -486  -497  0  370  0  370  -2  -359  0  371  373  -374  0  371  -364 
-369  0  372  -364  0  372  -369  0  372  -373  0  373  -372  -453  0  374 
375  454  0  374  -371  0  374  -373  0  374  -375  -454  0  375  0  375  -374 
-454  0  376  377  -454  0  376  454  -377  0  376  -379  0  376  -486  -498 
0  377  378  419  0  377  454  -376  0  377  -378  -419  0  378  0  378  -377 
-419  0  379  380  420  0  379  -376  -454  0  379  -380  -420  0  380  0  380 
-379  -420  0  381  -392  0  381  -486  -492  0  382  383  414  0  382  487  0 
382  492  0  382  -383  -414  0  383  -7  -384  0  383  -382  -414  0  384  0 
384  -7  -383  0  385  -386  0  385  -487  -492  0  386  387  455  0  386 
-385  -414  0  386  -387  -455  0  387  0  387  -386  -455  0  388  389  415 
0  388  487  0  388  493  0  388  -389  -415  0  389  390  -455  0  389  455 
-390  0  389  -388  -415  0  390  391  421  0  390  455  -389  0  390  -391 
-421  0  391  0  391  -390  -421  0  392  403  449  0  392  -237  -381  0  392 
-403  -449  0  393  415  -395  0  393  -394  0  393  -487  -493  0  394  396 
-397  0  394  -393  -415  0  395  -393  0  395  -396  0  395  -415  0  396 
-395  -455  0  397  398  456  0  397  -394  0  397  -396  0  397  -398  -456 
0  398  0  398  -397  -456  0  399  400  416  0  399  487  0  399  494  0  399 
-400  -416  0  400  401  -456  0  400  456  -401  0  400  -399  -416  0  401 
402  422  0  401  456  -400  0  401  -402  -422  0  402  0  402  -401  -422  0 
403  0  403  -392  -449  0  404  416  -406  0  404  -405  0  404  -487  -494 
0  405  407  -408  0  405  -404  -416  0  406  -404  0  406  -407  0  406 
-416  0  407  -406  -456  0  408  409  457  0  408  -405  0  408  -407  0  408 
-409  -457  0  409  0  409  -408  -457  0  410  411  417  0  410  487  0  410 
495  0  410  -411  -417  0  411  412  -457  0  411  457  -412  0  411  -410 
-417  0  412  413  423  0  412  457  -411  0  412  -413  -423  0  413  0  413 
-412  -423  0  414  -49  -60  0  414  -382  -383  0  414  -386  0  415  -171 
-182  0  415  -388  -389  0  415  -394  0  416  -293  -304  0  416  -399  -400 
0  416  -405  0  417  -18  0  417  -355  -356  0  417  -410  -411  0  418  -23 
-24  0  418  -29  0  418  -367  -368  0  419  -34  -35  0  419  -40  0  419 
-377  -378  0  420  -45  -46  0  420  -51  0  420  -379  -380  0  421  -56 
-57  0  421  -61  0  421  -390  -391  0  422  -63  -64  0  422  -68  0  422 
-401  -402  0  423  -74  -75  0  423  -79  0  423  -412  -413  0  424  -25 
-26  0  424  -85  -86  0  424  -90  0  425  -36  -37  0  425  -96  -97  0  425 
-101  0  426  -47  -48  0  426  -107  -108  0  426  -112  0  427  -54  -55  0 
427  -118  -119  0  427  -123  0  428  -65  -66  0  428  -130  -131  0  428 
-134  0  429  -76  -77  0  429  -136  -137  0  429  -142  0  430  -87  -88  0 
430  -147  -148  0  430  -153  0  431  -98  -99  0  431  -158  -159  0  431 
-164  0  432  -109  -110  0  432  -169  -170  0  432  -175  0  433  -120  -121 
0  433  -180  -181  0  433  -186  0  434  -128  -129  0  434  -191  -192  0 
434  -197  0  435  -139  -140  0  435  -202  -203  0  435  -207  0  436  -150 
-151  0  436  -209  -210  0  436  -214  0  437  -161  -162  0  437  -220  -221 
0  437  -225  0  438  -172  -173  0  438  -231  -232  0  438  -236  0  439 
-183  -184  0  439  -243  -244  0  439  -248  0  440  -194  -195  0  440  -254 
-255  0  440  -259  0  441  -200  -201  0  441  -265  -266  0  441  -270  0 
442  -211  -212  0  442  -276  -277  0  442  -280  0  443  -222  -223  0  443 
-283  -284  0  443  -288  0  444  -233  -234  0  444  -294  -295  0  444  -299 
0  445  -245  -246  0  445  -305  -306  0  445  -310  0  446  -256  -257  0 
446  -316  -317  0  446  -321  0  447  -267  -268  0  447  -327  -328  0  447 
-332  0  448  -274  -275  0  448  -338  -339  0  448  -343  0  449  -104  0 
449  -392  -403  0  450  -115  -127  0  450  -226  0  451  -238  -249  0  451 
-349  0  452  -350  -351  0  452  -361  0  453  -362  -363  0  453  -373  0 
454  -374  -375  0  454  -379  0  455  -386  -387  0  455  -396  0  456  -397 
-398  0  456  -407  0  457  -20  0  457  -408  -409  0  458  -21  -22  0  458 
-31  0  459  -32  -33  0  459  -42  0  460  -43  -44  0  460  -53  0  461  -61 
-62  0  461  -70  0  462  -72  -73  0  462  -81  0  463  -83  -84  0  463  -92 
0  464  -94  -95  0  464  -103  0  465  -105  -106  0  465  -114  0  466  -116 
-117  0  466  -125  0  467  -134  -135  0  467  -144  0  468  -145  -146  0 
468  -155  0  469  -156  -157  0  469  -166  0  470  -167  -168  0  470  -177 
0  471  -178  -179  0  471  -188  0  472  -189  -190  0  472  -199  0  473 
-207  -208  0  473  -217  0  474  -218  -219  0  474  -228  0  475  -229  -230 
0  475  -240  0  476  -241  -242  0  476  -251  0  477  -252  -253  0  477 
-262  0  478  -263  -264  0  478  -273  0  479  -280  -281  0  479  -290  0 
480  -291  -292  0  480  -301  0  481  -302  -303  0  481  -312  0  482  -313 
-314  0  482  -323  0  483  -324  -325  0  483  -334  0  484  -335  -336  0 
484  -345  0  485  -15  0  485  -16  0  485  -138  0  485  -237  0  485  -260 
0  485  -352  0  485  -364  0  486  -71  0  486  -193  0  486  -315  0  486 
-357  0  486  -369  0  486  -376  0  486  -381  0  487  -17  0  487  -28  0 
487  -39  0  487  -50  0  487  -385  0  487  -393  0  487  -404  0  488  -59 
0  488  -67  0  488  -78  0  488  -89  0  488  -100  0  488  -111  0  488 
-122  0  489  -133  0  489  -141  0  489  -152  0  489  -163  0  489  -174  0 
489  -185  0  489  -196  0  490  -206  0  490  -213  0  490  -224  0  490 
-235  0  490  -247  0  490  -258  0  490  -269  0  491  -279  0  491  -287  0 
491  -298  0  491  -309  0  491  -320  0  491  -331  0  491  -342  0  492  -15 
0  492  -59  0  492  -133  0  492  -206  0  492  -279  0  492  -381  0  492 
-385  0  493  -67  0  493  -71  0  493  -141  0  493  -213  0  493  -237  0 
493  -287  0  493  -393  0  494  -16  0  494  -78  0  494  -152  0  494  -193 
0  494  -224  0  494  -298  0  494  -404  0  495  -17  0  495  -89  0  495 
-138  0  495  -163  0  495  -235  0  495  -309  0  495  -315  0  496  -28  0 
496  -100  0  496  -174  0  496  -247  0  496  -260  0  496  -320  0  496 
-357  0  497  -39  0  497  -111  0  497  -185  0  497  -258  0  497  -331  0 
497  -352  0  497  -369  0  498  -50  0  498  -122  0  498  -196  0  498  -269 
0  498  -342  0  498  -364  0  498  -376  0  -2  0  -3  0  -4  0  -5  0  -6  0 
-7  0  -8  0  -9  0  -10  0  -11  0  -13  0  -14  0  -23  -487  -496  0  -24 
-25  -458  0  -27  -486  -493  0  -34  -487  -497  0  -35  -36  -459  0  -38 
-49  -449  0  -45  -487  -498  0  -46  -47  -460  0  -56  -488  -492  0  -63 
-488  -493  0  -64  -65  -461  0  -74  -488  -494  0  -75  -76  -462  0  -85 
-488  -495  0  -86  -87  -463  0  -96  -488  -496  0  -97  -98  -464  0  -107 
-488  -497  0  -108  -109  -465  0  -118  -488  -498  0  -119  -120  -466  0 
-130  -489  -492  0  -136  -489  -493  0  -137  -139  -467  0  -147  -489 
-494  0  -148  -150  -468  0  -149  -486  -494  0  -158  -489  -495  0  -159 
-161  -469  0  -160  -171  -450  0  -169  -489  -496  0  -170  -172  -470  0 
-180  -489  -497  0  -181  -183  -471  0  -191  -489  -498  0  -192  -194 
-472  0  -202  -490  -492  0  -209  -490  -493  0  -210  -211  -473  0  -220 
-490  -494  0  -221  -222  -474  0  -231  -490  -495  0  -232  -233  -475  0 
-243  -490  -496  0  -244  -245  -476  0  -254  -490  -497  0  -255  -256 
-477  0  -265  -490  -498  0  -266  -267  -478  0  -271  -486  -495  0  -276 
-491  -492  0  -282  -293  -451  0  -283  -491  -493  0  -284  -285  -479  0 
-294  -491  -494  0  -295  -296  -480  0  -305  -491  -495  0  -306  -307 
-481  0  -316  -491  -496  0  -317  -318  -482  0  -327  -491  -497  0  -328 
-329  -483  0  -338  -491  -498  0  -339  -340  -484  0  -348  -486  -492  0 
-353  -486  -496  0  -354  -355  -452  0  -365  -486  -497  0  -366  -367 
-453  0  -376  -377  -454  0  -382  -487  -492  0  -388  -487  -493  0  -389 
-390  -455  0  -399  -487  -494  0  -400  -401  -456  0  -410  -487  -495  0 
-411  -412  -457  0
