1  0  1  17  128  0  1  -17  -128  0  2  461  509  0  2 
-461  -509  0  3  449  451  0  3  -449  -451  0  4  460  463  0  4  -460  -463 
0  5  472  474  0  5  -472  -474  0  6  483  485  0  6  -483  -485  0  7  494 
496  0  7  -494  -496  0  8  501  502  0  8  -501  -502  0  9  534  535  0  9 
-534  -535  0  10  82  83  0  10  -82  -83  0  11  167  168  0  11  -167  -168 
0  12  252  253  0  12  -252  -253  0  13  335  336  0  13  -335  -336  0  14 
420  421  0  14  -420  -421  0  15  0  15  427  429  0  15  -427  -429  0  16 
438  440  0  16  -438  -440  0  17  -1  -128  0  17  -650  -658  0  18  29  40 
0  18  73  -95  0  18  -29  -40  0  18  -84  0  18  -650  -660  0  19  0  19 
552  562  0  19  -552  -562  0  20  555  -22  0  20  -21  0  20  -652  -660  0 
21  23  -24  0  21  -20  -555  0  22  -20  0  22  -23  0  22  -555  0  23  -22 
-609  0  24  25  610  0  24  -21  0  24  -23  0  24  -25  -610  0  25  0  25 
-24  -610  0  26  27  556  0  26  652  0  26  661  0  26  -27  -556  0  27  28 
-610  0  27  610  -28  0  27  -26  -556  0  28  30  563  0  28  610  -27  0 
28  -30  -563  0  29  651  0  29  659  0  29  -18  -40  0  30  0  30  -28 
-563  0  31  556  -33  0  31  -32  0  31  -652  -661  0  32  34  -35  0  32 
-31  -556  0  33  -31  0  33  -34  0  33  -556  0  34  -33  -610  0  35  36 
611  0  35  -32  0  35  -34  0  35  -36  -611  0  36  0  36  -35  -611  0  37 
38  557  0  37  652  0  37  662  0  37  -38  -557  0  38  39  -611  0  38  611 
-39  0  38  -37  -557  0  39  41  564  0  39  611  -38  0  39  -41  -564  0 
40  51  -601  0  40  601  -51  0  40  -18  -29  0  41  0  41  -39  -564  0  42 
557  -44  0  42  -43  0  42  -652  -662  0  43  45  -46  0  43  -42  -557  0 
44  -42  0  44  -45  0  44  -557  0  45  -44  -611  0  46  47  612  0  46  -43 
0  46  -45  0  46  -47  -612  0  47  0  47  -46  -612  0  48  49  558  0  48 
652  0  48  663  0  48  -49  -558  0  49  50  -612  0  49  612  -50  0  49 
-48  -558  0  50  52  565  0  50  612  -49  0  50  -52  -565  0  51  62  553 
0  51  601  -40  0  51  -62  -553  0  52  0  52  -50  -565  0  53  558  -55  0 
53  -54  0  53  -652  -663  0  54  56  -57  0  54  -53  -558  0  55  -53  0 
55  -56  0  55  -558  0  56  -55  -612  0  57  58  613  0  57  -54  0  57  -56 
0  57  -58  -613  0  58  0  58  -57  -613  0  59  60  559  0  59  652  0  59 
664  0  59  -60  -559  0  60  61  -613  0  60  613  -61  0  60  -59  -559  0 
61  63  566  0  61  613  -60  0  61  -63  -566  0  62  0  62  -51  -553  0  63 
0  63  -61  -566  0  64  559  -66  0  64  -65  0  64  -652  -664  0  65  67 
-68  0  65  -64  -559  0  66  -64  0  66  -67  0  66  -559  0  67  -66  -613 
0  68  69  614  0  68  -65  0  68  -67  0  68  -69  -614  0  69  0  69  -68 
-614  0  70  71  560  0  70  652  0  70  665  0  70  -71  -560  0  71  72 
-614  0  71  614  -72  0  71  -70  -560  0  72  74  567  0  72  614  -71  0 
72  -74  -567  0  73  -84  0  73  -651  -659  0  74  0  74  -72  -567  0  75 
560  -77  0  75  -76  0  75  -652  -665  0  76  78  -79  0  76  -75  -560  0 
77  -75  0  77  -78  0  77  -560  0  78  -77  -614  0  79  80  568  0  79  -76 
0  79  -78  0  79  -80  -568  0  80  0  80  -79  -568  0  81  82  561  0  81 
653  0  81  658  0  81  -82  -561  0  82  -10  -83  0  82  -81  -561  0  83  0 
83  -10  -82  0  84  106  -117  0  84  -18  -73  0  85  -86  0  85  -653  -658 
0  86  87  615  0  86  -85  -561  0  86  -87  -615  0  87  0  87  -86  -615  0 
88  89  562  0  88  653  0  88  659  0  88  -89  -562  0  89  90  -615  0  89 
615  -90  0  89  -88  -562  0  90  91  569  0  90  615  -89  0  90  -91  -569 
0  91  0  91  -90  -569  0  92  562  -94  0  92  -93  0  92  -653  -659  0  93 
96  -97  0  93  -92  -562  0  94  -92  0  94  -96  0  94  -562  0  95  -18  0 
95  -73  0  95  -106  0  96  -94  -615  0  97  98  616  0  97  -93  0  97  -96 
0  97  -98  -616  0  98  0  98  -97  -616  0  99  100  563  0  99  653  0  99 
660  0  99  -100  -563  0  100  101  -616  0  100  616  -101  0  100  -99 
-563  0  101  102  570  0  101  616  -100  0  101  -102  -570  0  102  0  102 
-101  -570  0  103  563  -105  0  103  -104  0  103  -653  -660  0  104  107 
-108  0  104  -103  -563  0  105  -103  0  105  -107  0  105  -563  0  106 
-95  -601  0  107  -105  -616  0  108  109  617  0  108  -104  0  108  -107  0 
108  -109  -617  0  109  0  109  -108  -617  0  110  111  564  0  110  653  0 
110  661  0  110  -111  -564  0  111  112  -617  0  111  617  -112  0  111 
-110  -564  0  112  113  571  0  112  617  -111  0  112  -113  -571  0  113  0 
113  -112  -571  0  114  564  -116  0  114  -115  0  114  -653  -661  0  115 
118  -119  0  115  -114  -564  0  116  -114  0  116  -118  0  116  -564  0 
117  129  602  0  117  -84  0  117  -106  0  117  -129  -602  0  118  -116 
-617  0  119  120  618  0  119  -115  0  119  -118  0  119  -120  -618  0  120 
0  120  -119  -618  0  121  122  565  0  121  653  0  121  662  0  121  -122 
-565  0  122  123  -618  0  122  618  -123  0  122  -121  -565  0  123  124 
572  0  123  618  -122  0  123  -124  -572  0  124  0  124  -123  -572  0  125 
565  -127  0  125  -126  0  125  -653  -662  0  126  130  -131  0  126  -125 
-565  0  127  -125  0  127  -130  0  127  -565  0  128  0  128  -1  -17  0 
129  0  129  -117  -602  0  130  -127  -618  0  131  132  619  0  131  -126  0 
131  -130  0  131  -132  -619  0  132  0  132  -131  -619  0  133  134  566  0 
133  653  0  133  663  0  133  -134  -566  0  134  135  -619  0  134  619 
-135  0  134  -133  -566  0  135  136  573  0  135  619  -134  0  135  -136 
-573  0  136  0  136  -135  -573  0  137  566  -139  0  137  -138  0  137 
-653  -663  0  138  141  -142  0  138  -137  -566  0  139  -137  0  139  -141 
0  139  -566  0  140  151  162  0  140  195  -217  0  140  -151  -162  0  140 
-206  0  140  -650  -661  0  141  -139  -619  0  142  143  620  0  142  -138 
0  142  -141  0  142  -143  -620  0  143  0  143  -142  -620  0  144  145  567 
0  144  653  0  144  664  0  144  -145  -567  0  145  146  -620  0  145  620 
-146  0  145  -144  -567  0  146  147  574  0  146  620  -145  0  146  -147 
-574  0  147  0  147  -146  -574  0  148  567  -150  0  148  -149  0  148 
-653  -664  0  149  152  -153  0  149  -148  -567  0  150  -148  0  150  -152 
0  150  -567  0  151  651  0  151  660  0  151  -140  -162  0  152  -150  -620 
0  153  154  621  0  153  -149  0  153  -152  0  153  -154  -621  0  154  0 
154  -153  -621  0  155  156  568  0  155  653  0  155  665  0  155  -156 
-568  0  156  157  -621  0  156  621  -157  0  156  -155  -568  0  157  158 
575  0  157  621  -156  0  157  -158  -575  0  158  0  158  -157  -575  0  159 
568  -161  0  159  -160  0  159  -653  -665  0  160  163  -164  0  160  -159 
-568  0  161  -159  0  161  -163  0  161  -568  0  162  173  -602  0  162  602 
-173  0  162  -140  -151  0  163  -161  -621  0  164  165  576  0  164  -160 
0  164  -163  0  164  -165  -576  0  165  0  165  -164  -576  0  166  167  569 
0  166  654  0  166  658  0  166  -167  -569  0  167  -11  -168  0  167  -166 
-569  0  168  0  168  -11  -167  0  169  -170  0  169  -654  -658  0  170  171 
622  0  170  -169  -569  0  170  -171  -622  0  171  0  171  -170  -622  0 
172  174  570  0  172  654  0  172  659  0  172  -174  -570  0  173  184  554 
0  173  602  -162  0  173  -184  -554  0  174  175  -622  0  174  622  -175  0 
174  -172  -570  0  175  176  577  0  175  622  -174  0  175  -176  -577  0 
176  0  176  -175  -577  0  177  570  -179  0  177  -178  0  177  -654  -659 
0  178  180  -181  0  178  -177  -570  0  179  -177  0  179  -180  0  179 
-570  0  180  -179  -622  0  181  182  623  0  181  -178  0  181  -180  0  181 
-182  -623  0  182  0  182  -181  -623  0  183  185  571  0  183  654  0  183 
660  0  183  -185  -571  0  184  0  184  -173  -554  0  185  186  -623  0  185 
623  -186  0  185  -183  -571  0  186  187  578  0  186  623  -185  0  186 
-187  -578  0  187  0  187  -186  -578  0  188  571  -190  0  188  -189  0 
188  -654  -660  0  189  191  -192  0  189  -188  -571  0  190  -188  0  190 
-191  0  190  -571  0  191  -190  -623  0  192  193  624  0  192  -189  0  192 
-191  0  192  -193  -624  0  193  0  193  -192  -624  0  194  196  572  0  194 
654  0  194  661  0  194  -196  -572  0  195  -206  0  195  -651  -660  0  196 
197  -624  0  196  624  -197  0  196  -194  -572  0  197  198  579  0  197 
624  -196  0  197  -198  -579  0  198  0  198  -197  -579  0  199  572  -201 
0  199  -200  0  199  -654  -661  0  200  202  -203  0  200  -199  -572  0 
201  -199  0  201  -202  0  201  -572  0  202  -201  -624  0  203  204  625  0 
203  -200  0  203  -202  0  203  -204  -625  0  204  0  204  -203  -625  0 
205  207  573  0  205  654  0  205  662  0  205  -207  -573  0  206  228  -240 
0  206  -140  -195  0  207  208  -625  0  207  625  -208  0  207  -205  -573 
0  208  209  580  0  208  625  -207  0  208  -209  -580  0  209  0  209  -208 
-580  0  210  573  -212  0  210  -211  0  210  -654  -662  0  211  213  -214 
0  211  -210  -573  0  212  -210  0  212  -213  0  212  -573  0  213  -212 
-625  0  214  215  626  0  214  -211  0  214  -213  0  214  -215  -626  0  215 
0  215  -214  -626  0  216  218  574  0  216  654  0  216  663  0  216  -218 
-574  0  217  -140  0  217  -195  0  217  -228  0  218  219  -626  0  218  626 
-219  0  218  -216  -574  0  219  220  581  0  219  626  -218  0  219  -220 
-581  0  220  0  220  -219  -581  0  221  574  -223  0  221  -222  0  221 
-654  -663  0  222  224  -225  0  222  -221  -574  0  223  -221  0  223  -224 
0  223  -574  0  224  -223  -626  0  225  226  627  0  225  -222  0  225  -224 
0  225  -226  -627  0  226  0  226  -225  -627  0  227  229  575  0  227  654 
0  227  664  0  227  -229  -575  0  228  -217  -602  0  229  230  -627  0  229 
627  -230  0  229  -227  -575  0  230  231  582  0  230  627  -229  0  230 
-231  -582  0  231  0  231  -230  -582  0  232  575  -234  0  232  -233  0 
232  -654  -664  0  233  235  -236  0  233  -232  -575  0  234  -232  0  234 
-235  0  234  -575  0  235  -234  -627  0  236  237  628  0  236  -233  0  236 
-235  0  236  -237  -628  0  237  0  237  -236  -628  0  238  241  576  0  238 
654  0  238  665  0  238  -241  -576  0  239  350  461  0  239  -350  -461  0 
239  -531  0  239  -650  -659  0  240  251  603  0  240  -206  0  240  -228  0 
240  -251  -603  0  241  242  -628  0  241  628  -242  0  241  -238  -576  0 
242  243  583  0  242  628  -241  0  242  -243  -583  0  243  0  243  -242 
-583  0  244  576  -246  0  244  -245  0  244  -654  -665  0  245  247  -248 
0  245  -244  -576  0  246  -244  0  246  -247  0  246  -576  0  247  -246 
-628  0  248  249  584  0  248  -245  0  248  -247  0  248  -249  -584  0  249 
0  249  -248  -584  0  250  252  577  0  250  655  0  250  658  0  250  -252 
-577  0  251  0  251  -240  -603  0  252  -12  -253  0  252  -250  -577  0 
253  0  253  -12  -252  0  254  -255  0  254  -655  -658  0  255  256  629  0 
255  -254  -577  0  255  -256  -629  0  256  0  256  -255  -629  0  257  258 
578  0  257  655  0  257  659  0  257  -258  -578  0  258  259  -629  0  258 
629  -259  0  258  -257  -578  0  259  260  585  0  259  629  -258  0  259 
-260  -585  0  260  0  260  -259  -585  0  261  578  -264  0  261  -263  0 
261  -655  -659  0  262  273  284  0  262  317  -339  0  262  -273  -284  0 
262  -328  0  262  -650  -662  0  263  265  -266  0  263  -261  -578  0  264 
-261  0  264  -265  0  264  -578  0  265  -264  -629  0  266  267  630  0  266 
-263  0  266  -265  0  266  -267  -630  0  267  0  267  -266  -630  0  268 
269  579  0  268  655  0  268  660  0  268  -269  -579  0  269  270  -630  0 
269  630  -270  0  269  -268  -579  0  270  271  586  0  270  630  -269  0 
270  -271  -586  0  271  0  271  -270  -586  0  272  579  -275  0  272  -274 
0  272  -655  -660  0  273  651  0  273  661  0  273  -262  -284  0  274  276 
-277  0  274  -272  -579  0  275  -272  0  275  -276  0  275  -579  0  276 
-275  -630  0  277  278  631  0  277  -274  0  277  -276  0  277  -278  -631 
0  278  0  278  -277  -631  0  279  280  580  0  279  655  0  279  661  0  279 
-280  -580  0  280  281  -631  0  280  631  -281  0  280  -279  -580  0  281 
282  587  0  281  631  -280  0  281  -282  -587  0  282  0  282  -281  -587  0 
283  580  -286  0  283  -285  0  283  -655  -661  0  284  295  -603  0  284 
603  -295  0  284  -262  -273  0  285  287  -288  0  285  -283  -580  0  286 
-283  0  286  -287  0  286  -580  0  287  -286  -631  0  288  289  632  0  288 
-285  0  288  -287  0  288  -289  -632  0  289  0  289  -288  -632  0  290 
291  581  0  290  655  0  290  662  0  290  -291  -581  0  291  292  -632  0 
291  632  -292  0  291  -290  -581  0  292  293  588  0  292  632  -291  0 
292  -293  -588  0  293  0  293  -292  -588  0  294  581  -297  0  294  -296 
0  294  -655  -662  0  295  306  555  0  295  603  -284  0  295  -306  -555  0 
296  298  -299  0  296  -294  -581  0  297  -294  0  297  -298  0  297  -581 
0  298  -297  -632  0  299  300  633  0  299  -296  0  299  -298  0  299  -300 
-633  0  300  0  300  -299  -633  0  301  302  582  0  301  655  0  301  663 
0  301  -302  -582  0  302  303  -633  0  302  633  -303  0  302  -301  -582 
0  303  304  589  0  303  633  -302  0  303  -304  -589  0  304  0  304  -303 
-589  0  305  582  -308  0  305  -307  0  305  -655  -663  0  306  0  306 
-295  -555  0  307  309  -310  0  307  -305  -582  0  308  -305  0  308  -309 
0  308  -582  0  309  -308  -633  0  310  311  634  0  310  -307  0  310  -309 
0  310  -311  -634  0  311  0  311  -310  -634  0  312  313  583  0  312  655 
0  312  664  0  312  -313  -583  0  313  314  -634  0  313  634  -314  0  313 
-312  -583  0  314  315  590  0  314  634  -313  0  314  -315  -590  0  315  0 
315  -314  -590  0  316  583  -319  0  316  -318  0  316  -655  -664  0  317 
-328  0  317  -651  -661  0  318  320  -321  0  318  -316  -583  0  319  -316 
0  319  -320  0  319  -583  0  320  -319  -634  0  321  322  635  0  321  -318 
0  321  -320  0  321  -322  -635  0  322  0  322  -321  -635  0  323  324  584 
0  323  655  0  323  665  0  323  -324  -584  0  324  325  -635  0  324  635 
-325  0  324  -323  -584  0  325  326  591  0  325  635  -324  0  325  -326 
-591  0  326  0  326  -325  -591  0  327  584  -330  0  327  -329  0  327 
-655  -665  0  328  351  -362  0  328  -262  -317  0  329  331  -332  0  329 
-327  -584  0  330  -327  0  330  -331  0  330  -584  0  331  -330  -635  0 
332  333  592  0  332  -329  0  332  -331  0  332  -333  -592  0  333  0  333 
-332  -592  0  334  335  585  0  334  656  0  334  658  0  334  -335  -585  0 
335  -13  -336  0  335  -334  -585  0  336  0  336  -13  -335  0  337  -338  0 
337  -656  -658  0  338  340  636  0  338  -337  -585  0  338  -340  -636  0 
339  -262  0  339  -317  0  339  -351  0  340  0  340  -338  -636  0  341  342 
586  0  341  656  0  341  659  0  341  -342  -586  0  342  343  -636  0  342 
636  -343  0  342  -341  -586  0  343  344  593  0  343  636  -342  0  343 
-344  -593  0  344  0  344  -343  -593  0  345  586  -347  0  345  -346  0 
345  -656  -659  0  346  348  -349  0  346  -345  -586  0  347  -345  0  347 
-348  0  347  -586  0  348  -347  -636  0  349  352  637  0  349  -346  0  349 
-348  0  349  -352  -637  0  350  651  0  350  658  0  350  -239  -461  0  351 
-339  -603  0  352  0  352  -349  -637  0  353  354  587  0  353  656  0  353 
660  0  353  -354  -587  0  354  355  -637  0  354  637  -355  0  354  -353 
-587  0  355  356  594  0  355  637  -354  0  355  -356  -594  0  356  0  356 
-355  -594  0  357  587  -359  0  357  -358  0  357  -656  -660  0  358  360 
-361  0  358  -357  -587  0  359  -357  0  359  -360  0  359  -587  0  360 
-359  -637  0  361  363  638  0  361  -358  0  361  -360  0  361  -363  -638 
0  362  373  604  0  362  -328  0  362  -351  0  362  -373  -604  0  363  0 
363  -361  -638  0  364  365  588  0  364  656  0  364  661  0  364  -365 
-588  0  365  366  -638  0  365  638  -366  0  365  -364  -588  0  366  367 
595  0  366  638  -365  0  366  -367  -595  0  367  0  367  -366  -595  0  368 
588  -370  0  368  -369  0  368  -656  -661  0  369  371  -372  0  369  -368 
-588  0  370  -368  0  370  -371  0  370  -588  0  371  -370  -638  0  372 
374  639  0  372  -369  0  372  -371  0  372  -374  -639  0  373  0  373  -362 
-604  0  374  0  374  -372  -639  0  375  376  589  0  375  656  0  375  662 
0  375  -376  -589  0  376  377  -639  0  376  639  -377  0  376  -375  -589 
0  377  378  596  0  377  639  -376  0  377  -378  -596  0  378  0  378  -377 
-596  0  379  589  -381  0  379  -380  0  379  -656  -662  0  380  382  -383 
0  380  -379  -589  0  381  -379  0  381  -382  0  381  -589  0  382  -381 
-639  0  383  385  640  0  383  -380  0  383  -382  0  383  -385  -640  0  384 
395  406  0  384  439  -462  0  384  -395  -406  0  384  -450  0  384  -650 
-663  0  385  0  385  -383  -640  0  386  387  590  0  386  656  0  386  663 
0  386  -387  -590  0  387  388  -640  0  387  640  -388  0  387  -386  -590 
0  388  389  597  0  388  640  -387  0  388  -389  -597  0  389  0  389  -388 
-597  0  390  590  -392  0  390  -391  0  390  -656  -663  0  391  393  -394 
0  391  -390  -590  0  392  -390  0  392  -393  0  392  -590  0  393  -392 
-640  0  394  396  641  0  394  -391  0  394  -393  0  394  -396  -641  0  395 
651  0  395  662  0  395  -384  -406  0  396  0  396  -394  -641  0  397  398 
591  0  397  656  0  397  664  0  397  -398  -591  0  398  399  -641  0  398 
641  -399  0  398  -397  -591  0  399  400  598  0  399  641  -398  0  399 
-400  -598  0  400  0  400  -399  -598  0  401  591  -403  0  401  -402  0 
401  -656  -664  0  402  404  -405  0  402  -401  -591  0  403  -401  0  403 
-404  0  403  -591  0  404  -403  -641  0  405  407  642  0  405  -402  0  405 
-404  0  405  -407  -642  0  406  417  -604  0  406  604  -417  0  406  -384 
-395  0  407  0  407  -405  -642  0  408  409  592  0  408  656  0  408  665 
0  408  -409  -592  0  409  410  -642  0  409  642  -410  0  409  -408  -592 
0  410  411  599  0  410  642  -409  0  410  -411  -599  0  411  0  411  -410 
-599  0  412  592  -414  0  412  -413  0  412  -656  -665  0  413  415  -416 
0  413  -412  -592  0  414  -412  0  414  -415  0  414  -592  0  415  -414 
-642  0  416  418  600  0  416  -413  0  416  -415  0  416  -418  -600  0  417 
428  556  0  417  604  -406  0  417  -428  -556  0  418  0  418  -416  -600  0 
419  420  593  0  419  657  0  419  658  0  419  -420  -593  0  420  -14  -421 
0  420  -419  -593  0  421  0  421  -14  -420  0  422  -423  0  422  -657 
-658  0  423  424  643  0  423  -422  -593  0  423  -424  -643  0  424  0  424 
-423  -643  0  425  426  594  0  425  657  0  425  659  0  425  -426  -594  0 
426  427  -643  0  426  643  -427  0  426  -425  -594  0  427  643  -426  0 
427  -15  -429  0  428  0  428  -417  -556  0  429  0  429  -15  -427  0  430 
594  -432  0  430  -431  0  430  -657  -659  0  431  433  -434  0  431  -430 
-594  0  432  -430  0  432  -433  0  432  -594  0  433  -432  -643  0  434 
435  644  0  434  -431  0  434  -433  0  434  -435  -644  0  435  0  435  -434 
-644  0  436  437  595  0  436  657  0  436  660  0  436  -437  -595  0  437 
438  -644  0  437  644  -438  0  437  -436  -595  0  438  644  -437  0  438 
-16  -440  0  439  -450  0  439  -651  -662  0  440  0  440  -16  -438  0  441 
595  -443  0  441  -442  0  441  -657  -660  0  442  444  -445  0  442  -441 
-595  0  443  -441  0  443  -444  0  443  -595  0  444  -443  -644  0  445 
446  645  0  445  -442  0  445  -444  0  445  -446  -645  0  446  0  446  -445 
-645  0  447  448  596  0  447  657  0  447  661  0  447  -448  -596  0  448 
449  -645  0  448  645  -449  0  448  -447  -596  0  449  645  -448  0  449 
-3  -451  0  450  473  -484  0  450  -384  -439  0  451  0  451  -3  -449  0 
452  596  -454  0  452  -453  0  452  -657  -661  0  453  455  -456  0  453 
-452  -596  0  454  -452  0  454  -455  0  454  -596  0  455  -454  -645  0 
456  457  646  0  456  -453  0  456  -455  0  456  -457  -646  0  457  0  457 
-456  -646  0  458  459  597  0  458  657  0  458  662  0  458  -459  -597  0 
459  460  -646  0  459  646  -460  0  459  -458  -597  0  460  646  -459  0 
460  -4  -463  0  461  -2  -509  0  461  -239  -350  0  462  -384  0  462 
-439  0  462  -473  0  463  0  463  -4  -460  0  464  597  -466  0  464  -465 
0  464  -657  -662  0  465  467  -468  0  465  -464  -597  0  466  -464  0 
466  -467  0  466  -597  0  467  -466  -646  0  468  469  647  0  468  -465  0 
468  -467  0  468  -469  -647  0  469  0  469  -468  -647  0  470  471  598  0 
470  657  0  470  663  0  470  -471  -598  0  471  472  -647  0  471  647 
-472  0  471  -470  -598  0  472  647  -471  0  472  -5  -474  0  473  -462 
-604  0  474  0  474  -5  -472  0  475  598  -477  0  475  -476  0  475  -657 
-663  0  476  478  -479  0  476  -475  -598  0  477  -475  0  477  -478  0 
477  -598  0  478  -477  -647  0  479  480  648  0  479  -476  0  479  -478  0 
479  -480  -648  0  480  0  480  -479  -648  0  481  482  599  0  481  657  0 
481  664  0  481  -482  -599  0  482  483  -648  0  482  648  -483  0  482 
-481  -599  0  483  648  -482  0  483  -6  -485  0  484  495  605  0  484 
-450  0  484  -473  0  484  -495  -605  0  485  0  485  -6  -483  0  486  599 
-488  0  486  -487  0  486  -657  -664  0  487  489  -490  0  487  -486  -599 
0  488  -486  0  488  -489  0  488  -599  0  489  -488  -648  0  490  491  649 
0  490  -487  0  490  -489  0  490  -491  -649  0  491  0  491  -490  -649  0 
492  493  600  0  492  657  0  492  665  0  492  -493  -600  0  493  494  -649 
0  493  649  -494  0  493  -492  -600  0  494  649  -493  0  494  -7  -496  0 
495  0  495  -484  -605  0  496  0  496  -7  -494  0  497  600  -499  0  497 
-498  0  497  -657  -665  0  498  500  -501  0  498  -497  -600  0  499  -497 
0  499  -500  0  499  -600  0  500  -499  -649  0  501  -8  -502  0  501  -498 
0  501  -500  0  502  0  502  -8  -501  0  503  504  505  0  503  508  -511  0 
503  -504  -505  0  503  -510  0  503  -650  -664  0  504  651  0  504  663  0 
504  -503  -505  0  505  506  -605  0  505  605  -506  0  505  -503  -504  0 
506  507  557  0  506  605  -505  0  506  -507  -557  0  507  0  507  -506 
-557  0  508  -510  0  508  -651  -663  0  509  0  509  -2  -461  0  510  512 
-513  0  510  -503  -508  0  511  -503  0  511  -508  0  511  -512  0  512 
-511  -605  0  513  514  606  0  513  -510  0  513  -512  0  513  -514  -606 
0  514  0  514  -513  -606  0  515  516  517  0  515  521  -523  0  515  -516 
-517  0  515  -522  0  515  -650  -665  0  516  651  0  516  664  0  516  -515 
-517  0  517  518  -606  0  517  606  -518  0  517  -515  -516  0  518  519 
558  0  518  606  -517  0  518  -519  -558  0  519  0  519  -518  -558  0  520 
-531  0  520  -651  -658  0  521  -522  0  521  -651  -664  0  522  524  -525 
0  522  -515  -521  0  523  -515  0  523  -521  0  523  -524  0  524  -523 
-606  0  525  526  607  0  525  -522  0  525  -524  0  525  -526  -607  0  526 
0  526  -525  -607  0  527  528  -607  0  527  607  -528  0  527  -530  0  527 
-651  -665  0  528  529  559  0  528  607  -527  0  528  -529  -559  0  529  0 
529  -528  -559  0  530  532  560  0  530  -527  -607  0  530  -532  -560  0 
531  542  601  0  531  -239  -520  0  531  -542  -601  0  532  0  532  -530 
-560  0  533  534  553  0  533  652  0  533  658  0  533  -534  -553  0  534 
-9  -535  0  534  -533  -553  0  535  0  535  -9  -534  0  536  -537  0  536 
-652  -658  0  537  538  608  0  537  -536  -553  0  537  -538  -608  0  538 
0  538  -537  -608  0  539  540  554  0  539  652  0  539  659  0  539  -540 
-554  0  540  541  -608  0  540  608  -541  0  540  -539  -554  0  541  543 
561  0  541  608  -540  0  541  -543  -561  0  542  0  542  -531  -601  0  543 
0  543  -541  -561  0  544  554  -546  0  544  -545  0  544  -652  -659  0 
545  547  -548  0  545  -544  -554  0  546  -544  0  546  -547  0  546  -554 
0  547  -546  -608  0  548  549  609  0  548  -545  0  548  -547  0  548  -549 
-609  0  549  0  549  -548  -609  0  550  551  555  0  550  652  0  550  660 
0  550  -551  -555  0  551  552  -609  0  551  609  -552  0  551  -550  -555 
0  552  609  -551  0  552  -19  -562  0  553  -51  -62  0  553  -533  -534  0 
553  -537  0  554  -173  -184  0  554  -539  -540  0  554  -545  0  555  -21 
0  555  -295  -306  0  555  -550  -551  0  556  -26  -27  0  556  -32  0  556 
-417  -428  0  557  -37  -38  0  557  -43  0  557  -506  -507  0  558  -48 
-49  0  558  -54  0  558  -518  -519  0  559  -59  -60  0  559  -65  0  559 
-528  -529  0  560  -70  -71  0  560  -76  0  560  -530  -532  0  561  -81 
-82  0  561  -86  0  561  -541  -543  0  562  -19  -552  0  562  -88  -89  0 
562  -93  0  563  -28  -30  0  563  -99  -100  0  563  -104  0  564  -39  -41 
0  564  -110  -111  0  564  -115  0  565  -50  -52  0  565  -121  -122  0  565 
-126  0  566  -61  -63  0  566  -133  -134  0  566  -138  0  567  -72  -74  0 
567  -144  -145  0  567  -149  0  568  -79  -80  0  568  -155  -156  0  568 
-160  0  569  -90  -91  0  569  -166  -167  0  569  -170  0  570  -101  -102 
0  570  -172  -174  0  570  -178  0  571  -112  -113  0  571  -183  -185  0 
571  -189  0  572  -123  -124  0  572  -194  -196  0  572  -200  0  573  -135 
-136  0  573  -205  -207  0  573  -211  0  574  -146  -147  0  574  -216  -218 
0  574  -222  0  575  -157  -158  0  575  -227  -229  0  575  -233  0  576 
-164  -165  0  576  -238  -241  0  576  -245  0  577  -175  -176  0  577  -250 
-252  0  577  -255  0  578  -186  -187  0  578  -257  -258  0  578  -263  0 
579  -197  -198  0  579  -268  -269  0  579  -274  0  580  -208  -209  0  580 
-279  -280  0  580  -285  0  581  -219  -220  0  581  -290  -291  0  581  -296 
0  582  -230  -231  0  582  -301  -302  0  582  -307  0  583  -242  -243  0 
583  -312  -313  0  583  -318  0  584  -248  -249  0  584  -323  -324  0  584 
-329  0  585  -259  -260  0  585  -334  -335  0  585  -338  0  586  -270  -271 
0  586  -341  -342  0  586  -346  0  587  -281  -282  0  587  -353  -354  0 
587  -358  0  588  -292  -293  0  588  -364  -365  0  588  -369  0  589  -303 
-304  0  589  -375  -376  0  589  -380  0  590  -314  -315  0  590  -386  -387 
0  590  -391  0  591  -325  -326  0  591  -397  -398  0  591  -402  0  592 
-332  -333  0  592  -408  -409  0  592  -413  0  593  -343  -344  0  593  -419 
-420  0  593  -423  0  594  -355  -356  0  594  -425  -426  0  594  -431  0 
595  -366  -367  0  595  -436  -437  0  595  -442  0  596  -377  -378  0  596 
-447  -448  0  596  -453  0  597  -388  -389  0  597  -458  -459  0  597  -465 
0  598  -399  -400  0  598  -470  -471  0  598  -476  0  599  -410  -411  0 
599  -481  -482  0  599  -487  0  600  -416  -418  0  600  -492  -493  0  600 
-498  0  601  -106  0  601  -531  -542  0  602  -117  -129  0  602  -228  0 
603  -240  -251  0  603  -351  0  604  -362  -373  0  604  -473  0  605  -484 
-495  0  605  -512  0  606  -513  -514  0  606  -524  0  607  -525  -526  0 
607  -530  0  608  -537  -538  0  608  -547  0  609  -23  0  609  -548  -549 
0  610  -24  -25  0  610  -34  0  611  -35  -36  0  611  -45  0  612  -46  -47 
0  612  -56  0  613  -57  -58  0  613  -67  0  614  -68  -69  0  614  -78  0 
615  -86  -87  0  615  -96  0  616  -97  -98  0  616  -107  0  617  -108  -109 
0  617  -118  0  618  -119  -120  0  618  -130  0  619  -131  -132  0  619 
-141  0  620  -142  -143  0  620  -152  0  621  -153  -154  0  621  -163  0 
622  -170  -171  0  622  -180  0  623  -181  -182  0  623  -191  0  624  -192 
-193  0  624  -202  0  625  -203  -204  0  625  -213  0  626  -214  -215  0 
626  -224  0  627  -225  -226  0  627  -235  0  628  -236  -237  0  628  -247 
0  629  -255  -256  0  629  -265  0  630  -266  -267  0  630  -276  0  631 
-277  -278  0  631  -287  0  632  -288  -289  0  632  -298  0  633  -299  -300 
0  633  -309  0  634  -310  -311  0  634  -320  0  635  -321  -322  0  635 
-331  0  636  -338  -340  0  636  -348  0  637  -349  -352  0  637  -360  0 
638  -361  -363  0  638  -371  0  639  -372  -374  0  639  -382  0  640  -383 
-385  0  640  -393  0  641  -394  -396  0  641  -404  0  642  -405  -407  0 
642  -415  0  643  -423  -424  0  643  -433  0  644  -434  -435  0  644  -444 
0  645  -445  -446  0  645  -455  0  646  -456  -457  0  646  -467  0  647 
-468  -469  0  647  -478  0  648  -479  -480  0  648  -489  0  649  -490  -491 
0  649  -500  0  650  -17  0  650  -18  0  650  -140  0  650  -239  0  650 
-262  0  650  -384  0  650  -503  0  650  -515  0  651  -73  0  651  -195  0 
651  -317  0  651  -439  0  651  -508  0  651  -520  0  651  -521  0  651 
-527  0  652  -20  0  652  -31  0  652  -42  0  652  -53  0  652  -64  0  652 
-75  0  652  -536  0  652  -544  0  653  -85  0  653  -92  0  653  -103  0 
653  -114  0  653  -125  0  653  -137  0  653  -148  0  653  -159  0  654 
-169  0  654  -177  0  654  -188  0  654  -199  0  654  -210  0  654  -221  0 
654  -232  0  654  -244  0  655  -254  0  655  -261  0  655  -272  0  655 
-283  0  655  -294  0  655  -305  0  655  -316  0  655  -327  0  656  -337  0 
656  -345  0  656  -357  0  656  -368  0  656  -379  0  656  -390  0  656 
-401  0  656  -412  0  657  -422  0  657  -430  0  657  -441  0  657  -452  0 
657  -464  0  657  -475  0  657  -486  0  657  -497  0  658  -17  0  658  -85 
0  658  -169  0  658  -254  0  658  -337  0  658  -422  0  658  -520  0  658 
-536  0  659  -73  0  659  -92  0  659  -177  0  659  -239  0  659  -261  0 
659  -345  0  659  -430  0  659  -544  0  660  -18  0  660  -20  0  660  -103 
0  660  -188  0  660  -195  0  660  -272  0  660  -357  0  660  -441  0  661 
-31  0  661  -114  0  661  -140  0  661  -199  0  661  -283  0  661  -317  0 
661  -368  0  661  -452  0  662  -42  0  662  -125  0  662  -210  0  662  -262 
0  662  -294  0  662  -379  0  662  -439  0  662  -464  0  663  -53  0  663 
-137  0  663  -221  0  663  -305  0  663  -384  0  663  -390  0  663  -475  0 
663  -508  0  664  -64  0  664  -148  0  664  -232  0  664  -316  0  664  -401 
0  664  -486  0  664  -503  0  664  -521  0  665  -75  0  665  -159  0  665 
-244  0  665  -327  0  665  -412  0  665  -497  0  665  -515  0  665  -527  0 
-2  0  -3  0  -4  0  -5  0  -6  0  -7  0  -8  0  -9  0  -10  0  -11  0  -12  0 
-13  0  -14  0  -16  0  -26  -652  -661  0  -27  -28  -610  0  -29  -651  -659 
0  -37  -652  -662  0  -38  -39  -611  0  -40  -51  -601  0  -48  -652  -663 
0  -49  -50  -612  0  -59  -652  -664  0  -60  -61  -613  0  -70  -652  -665 
0  -71  -72  -614  0  -81  -653  -658  0  -88  -653  -659  0  -89  -90  -615 
0  -99  -653  -660  0  -100  -101  -616  0  -110  -653  -661  0  -111  -112 
-617  0  -121  -653  -662  0  -122  -123  -618  0  -133  -653  -663  0  -134 
-135  -619  0  -144  -653  -664  0  -145  -146  -620  0  -151  -651  -660  0 
-155  -653  -665  0  -156  -157  -621  0  -162  -173  -602  0  -166  -654 
-658  0  -172  -654  -659  0  -174  -175  -622  0  -183  -654  -660  0  -185 
-186  -623  0  -194  -654  -661  0  -196  -197  -624  0  -205  -654  -662  0 
-207  -208  -625  0  -216  -654  -663  0  -218  -219  -626  0  -227  -654 
-664  0  -229  -230  -627  0  -238  -654  -665  0  -241  -242  -628  0  -250 
-655  -658  0  -257  -655  -659  0  -258  -259  -629  0  -268  -655  -660  0 
-269  -270  -630  0  -273  -651  -661  0  -279  -655  -661  0  -280  -281 
-631  0  -284  -295  -603  0  -290  -655  -662  0  -291  -292  -632  0  -301 
-655  -663  0  -302  -303  -633  0  -312  -655  -664  0  -313  -314  -634  0 
-323  -655  -665  0  -324  -325  -635  0  -334  -656  -658  0  -341  -656 
-659  0  -342  -343  -636  0  -350  -651  -658  0  -353  -656  -660  0  -354 
-355  -637  0  -364  -656  -661  0  -365  -366  -638  0  -375  -656  -662  0 
-376  -377  -639  0  -386  -656  -663  0  -387  -388  -640  0  -395  -651 
-662  0  -397  -656  -664  0  -398  -399  -641  0  -406  -417  -604  0  -408 
-656  -665  0  -409  -410  -642  0  -419  -657  -658  0  -425  -657  -659  0 
-426  -427  -643  0  -436  -657  -660  0  -437  -438  -644  0  -447  -657 
-661  0  -448  -449  -645  0  -458  -657  -662  0  -459  -460  -646  0  -470 
-657  -663  0  -471  -472  -647  0  -481  -657  -664  0  -482  -483  -648  0 
-492  -657  -665  0  -493  -494  -649  0  -504  -651  -663  0  -505  -506 
-605  0  -516  -651  -664  0  -517  -518  -606  0  -527  -528  -607  0  -533 
-652  -658  0  -539  -652  -659  0  -540  -541  -608  0  -550  -652  -660  0 
-551  -552  -609  0
