1  9  29  0  1  -9  -29  0  2  62  73  0  2  -62  -73  0  3  49 
50  0  3  -49  -50  0  4  89  90  0  4  -89  -90  0  5  0  5  97  98  0  5 
-97  -98  0  6  108  109  0  6  -108  -109  0  7  12  13  0  7  -12  -13  0  8 
18  19  0  8  -18  -19  0  9  -1  -29  0  9  -134  -138  0  10  20  21  0  10 
24  -26  0  10  -20  -21  0  10  -25  0  10  -134  -140  0  11  12  -133  0 
11  116  124  0  11  133  -12  0  11  -116  -124  0  12  133  -11  0  12  -7 
-13  0  13  0  13  -7  -12  0  14  124  -16  0  14  -15  0  14  -137  -141  0 
15  17  -18  0  15  -14  -124  0  16  -14  0  16  -17  0  16  -124  0  17  -16 
-133  0  18  -8  -19  0  18  -15  0  18  -17  0  19  0  19  -8  -18  0  20 
135  0  20  139  0  20  -10  -21  0  21  22  -125  0  21  125  -22  0  21  -10 
-20  0  22  23  117  0  22  125  -21  0  22  -23  -117  0  23  0  23  -22 
-117  0  24  -25  0  24  -135  -139  0  25  27  -28  0  25  -10  -24  0  26 
-10  0  26  -24  0  26  -27  0  27  -26  -125  0  28  30  126  0  28  -25  0 
28  -27  0  28  -30  -126  0  29  0  29  -1  -9  0  30  0  30  -28  -126  0 
31  32  33  0  31  36  -38  0  31  -32  -33  0  31  -37  0  31  -134  -141  0 
32  135  0  32  140  0  32  -31  -33  0  33  34  -126  0  33  126  -34  0  33 
-31  -32  0  34  35  118  0  34  126  -33  0  34  -35  -118  0  35  0  35  -34 
-118  0  36  -37  0  36  -135  -140  0  37  39  -41  0  37  -31  -36  0  38 
-31  0  38  -36  0  38  -39  0  39  -38  -126  0  40  51  62  0  40  -51  -62 
0  40  -95  0  40  -134  -139  0  41  42  127  0  41  -37  0  41  -39  0  41 
-42  -127  0  42  0  42  -41  -127  0  43  44  -127  0  43  127  -44  0  43 
-46  0  43  -135  -141  0  44  45  119  0  44  127  -43  0  44  -45  -119  0 
45  0  45  -44  -119  0  46  47  120  0  46  -43  -127  0  46  -47  -120  0 
47  0  47  -46  -120  0  48  49  117  0  48  136  0  48  138  0  48  -49  -117 
0  49  -3  -50  0  49  -48  -117  0  50  0  50  -3  -49  0  51  135  0  51 
138  0  51  -40  -62  0  52  -53  0  52  -136  -138  0  53  54  128  0  53 
-52  -117  0  53  -54  -128  0  54  0  54  -53  -128  0  55  56  118  0  55 
136  0  55  139  0  55  -56  -118  0  56  57  -128  0  56  128  -57  0  56 
-55  -118  0  57  58  121  0  57  128  -56  0  57  -58  -121  0  58  0  58 
-57  -121  0  59  118  -61  0  59  -60  0  59  -136  -139  0  60  63  -64  0 
60  -59  -118  0  61  -59  0  61  -63  0  61  -118  0  62  -2  -73  0  62  -40 
-51  0  63  -61  -128  0  64  65  129  0  64  -60  0  64  -63  0  64  -65 
-129  0  65  0  65  -64  -129  0  66  67  119  0  66  136  0  66  140  0  66 
-67  -119  0  67  68  -129  0  67  129  -68  0  67  -66  -119  0  68  69  122 
0  68  129  -67  0  68  -69  -122  0  69  0  69  -68  -122  0  70  119  -72  0 
70  -71  0  70  -136  -140  0  71  74  -75  0  71  -70  -119  0  72  -70  0 
72  -74  0  72  -119  0  73  0  73  -2  -62  0  74  -72  -129  0  75  76  130 
0  75  -71  0  75  -74  0  75  -76  -130  0  76  0  76  -75  -130  0  77  78 
120  0  77  136  0  77  141  0  77  -78  -120  0  78  79  -130  0  78  130 
-79  0  78  -77  -120  0  79  80  123  0  79  130  -78  0  79  -80  -123  0 
80  0  80  -79  -123  0  81  120  -83  0  81  -82  0  81  -136  -141  0  82 
85  -86  0  82  -81  -120  0  83  -81  0  83  -85  0  83  -120  0  84  -95  0 
84  -135  -138  0  85  -83  -130  0  86  87  124  0  86  -82  0  86  -85  0 
86  -87  -124  0  87  0  87  -86  -124  0  88  89  121  0  88  137  0  88  138 
0  88  -89  -121  0  89  -4  -90  0  89  -88  -121  0  90  0  90  -4  -89  0 
91  -92  0  91  -137  -138  0  92  93  131  0  92  -91  -121  0  92  -93  -131 
0  93  0  93  -92  -131  0  94  96  122  0  94  137  0  94  139  0  94  -96 
-122  0  95  106  125  0  95  -40  -84  0  95  -106  -125  0  96  97  -131  0 
96  131  -97  0  96  -94  -122  0  97  131  -96  0  97  -5  -98  0  98  0  98 
-5  -97  0  99  122  -101  0  99  -100  0  99  -137  -139  0  100  102  -103 
0  100  -99  -122  0  101  -99  0  101  -102  0  101  -122  0  102  -101  -131 
0  103  104  132  0  103  -100  0  103  -102  0  103  -104  -132  0  104  0 
104  -103  -132  0  105  107  123  0  105  137  0  105  140  0  105  -107 
-123  0  106  0  106  -95  -125  0  107  108  -132  0  107  132  -108  0  107 
-105  -123  0  108  132  -107  0  108  -6  -109  0  109  0  109  -6  -108  0 
110  123  -112  0  110  -111  0  110  -137  -140  0  111  113  -114  0  111 
-110  -123  0  112  -110  0  112  -113  0  112  -123  0  113  -112  -132  0 
114  115  133  0  114  -111  0  114  -113  0  114  -115  -133  0  115  0  115 
-114  -133  0  116  137  0  116  141  0  116  -11  -124  0  117  -22  -23  0 
117  -48  -49  0  117  -53  0  118  -34  -35  0  118  -55  -56  0  118  -60  0 
119  -44  -45  0  119  -66  -67  0  119  -71  0  120  -46  -47  0  120  -77 
-78  0  120  -82  0  121  -57  -58  0  121  -88  -89  0  121  -92  0  122  -68 
-69  0  122  -94  -96  0  122  -100  0  123  -79  -80  0  123  -105  -107  0 
123  -111  0  124  -11  -116  0  124  -15  0  124  -86  -87  0  125  -27  0 
125  -95  -106  0  126  -28  -30  0  126  -39  0  127  -41  -42  0  127  -46 
0  128  -53  -54  0  128  -63  0  129  -64  -65  0  129  -74  0  130  -75  -76 
0  130  -85  0  131  -92  -93  0  131  -102  0  132  -103  -104  0  132  -113 
0  133  -17  0  133  -114  -115  0  134  -9  0  134  -10  0  134  -31  0  134 
-40  0  135  -24  0  135  -36  0  135  -43  0  135  -84  0  136  -52  0  136 
-59  0  136  -70  0  136  -81  0  137  -14  0  137  -91  0  137  -99  0  137 
-110  0  138  -9  0  138  -52  0  138  -84  0  138  -91  0  139  -24  0  139 
-40  0  139  -59  0  139  -99  0  140  -10  0  140  -36  0  140  -70  0  140 
-110  0  141  -14  0  141  -31  0  141  -43  0  141  -81  0  -1  0  -2  0  -3 
0  -4  0  -6  0  -7  0  -8  0  -11  -12  -133  0  -20  -135  -139  0  -21  -22 
-125  0  -32  -135  -140  0  -33  -34  -126  0  -43  -44  -127  0  -48  -136 
-138  0  -51  -135  -138  0  -55  -136  -139  0  -56  -57  -128  0  -66  -136 
-140  0  -67  -68  -129  0  -77  -136  -141  0  -78  -79  -130  0  -88  -137 
-138  0  -94  -137  -139  0  -96  -97  -131  0  -105  -137  -140  0  -107 
-108  -132  0  -116  -137  -141  0 
