1  0  1  13  124  0  1  -13  -124  0  2  0  2  240  251  0 
2  -240  -251  0  3  208  209  0  3  -208  -209  0  4  215  216  0  4  -215 
-216  0  5  0  5  252  253  0  5  -252  -253  0  6  0  6  32  33  0  6  -32 
-33  0  7  0  7  94  95  0  7  -94  -95  0  8  0  8  156  157  0  8  -156 
-157  0  9  0  9  164  165  0  9  -164  -165  0  10  175  176  0  10  -175 
-176  0  11  186  187  0  11  -186  -187  0  12  197  198  0  12  -197  -198 
0  13  -1  -124  0  13  -344  -350  0  14  25  36  0  14  69  -91  0  14  -25 
-36  0  14  -80  0  14  -344  -352  0  15  17  -18  0  15  -294  -299  0  16 
-17  0  16  -294  0  16  -299  0  17  -16  -327  0  18  19  328  0  18  -15  0 
18  -17  0  18  -19  -328  0  19  0  19  -18  -328  0  20  21  300  0  20  346 
0  20  355  0  20  -21  -300  0  21  22  -328  0  21  328  -22  0  21  -20 
-300  0  22  23  305  0  22  328  -21  0  22  -23  -305  0  23  0  23  -22 
-305  0  24  300  -27  0  24  -26  0  24  -346  -355  0  25  345  0  25  351 
0  25  -14  -36  0  26  28  -29  0  26  -24  -300  0  27  -24  0  27  -28  0 
27  -300  0  28  -27  -328  0  29  30  306  0  29  -26  0  29  -28  0  29  -30 
-306  0  30  0  30  -29  -306  0  31  32  301  0  31  347  0  31  350  0  31 
-32  -301  0  32  -6  -33  0  32  -31  -301  0  33  0  33  -6  -32  0  34  -35 
0  34  -347  -350  0  35  37  329  0  35  -34  -301  0  35  -37  -329  0  36 
47  -319  0  36  319  -47  0  36  -14  -25  0  37  0  37  -35  -329  0  38  39 
302  0  38  347  0  38  351  0  38  -39  -302  0  39  40  -329  0  39  329 
-40  0  39  -38  -302  0  40  41  307  0  40  329  -39  0  40  -41  -307  0 
41  0  41  -40  -307  0  42  302  -44  0  42  -43  0  42  -347  -351  0  43 
45  -46  0  43  -42  -302  0  44  -42  0  44  -45  0  44  -302  0  45  -44 
-329  0  46  48  330  0  46  -43  0  46  -45  0  46  -48  -330  0  47  58  295 
0  47  319  -36  0  47  -58  -295  0  48  0  48  -46  -330  0  49  50  303  0 
49  347  0  49  352  0  49  -50  -303  0  50  51  -330  0  50  330  -51  0  50 
-49  -303  0  51  52  308  0  51  330  -50  0  51  -52  -308  0  52  0  52 
-51  -308  0  53  303  -55  0  53  -54  0  53  -347  -352  0  54  56  -57  0 
54  -53  -303  0  55  -53  0  55  -56  0  55  -303  0  56  -55  -330  0  57 
59  331  0  57  -54  0  57  -56  0  57  -59  -331  0  58  0  58  -47  -295  0 
59  0  59  -57  -331  0  60  61  304  0  60  347  0  60  353  0  60  -61  -304 
0  61  62  -331  0  61  331  -62  0  61  -60  -304  0  62  63  309  0  62  331 
-61  0  62  -63  -309  0  63  0  63  -62  -309  0  64  304  -66  0  64  -65  0 
64  -347  -353  0  65  67  -68  0  65  -64  -304  0  66  -64  0  66  -67  0 
66  -304  0  67  -66  -331  0  68  70  332  0  68  -65  0  68  -67  0  68  -70 
-332  0  69  -80  0  69  -345  -351  0  70  0  70  -68  -332  0  71  72  305 
0  71  347  0  71  354  0  71  -72  -305  0  72  73  -332  0  72  332  -73  0 
72  -71  -305  0  73  74  310  0  73  332  -72  0  73  -74  -310  0  74  0  74 
-73  -310  0  75  305  -77  0  75  -76  0  75  -347  -354  0  76  78  -79  0 
76  -75  -305  0  77  -75  0  77  -78  0  77  -305  0  78  -77  -332  0  79 
81  333  0  79  -76  0  79  -78  0  79  -81  -333  0  80  102  -113  0  80 
-14  -69  0  81  0  81  -79  -333  0  82  83  306  0  82  347  0  82  355  0 
82  -83  -306  0  83  84  -333  0  83  333  -84  0  83  -82  -306  0  84  85 
311  0  84  333  -83  0  84  -85  -311  0  85  0  85  -84  -311  0  86  306 
-88  0  86  -87  0  86  -347  -355  0  87  89  -90  0  87  -86  -306  0  88 
-86  0  88  -89  0  88  -306  0  89  -88  -333  0  90  92  312  0  90  -87  0 
90  -89  0  90  -92  -312  0  91  -14  0  91  -69  0  91  -102  0  92  0  92 
-90  -312  0  93  94  307  0  93  348  0  93  350  0  93  -94  -307  0  94  -7 
-95  0  94  -93  -307  0  95  0  95  -7  -94  0  96  -97  0  96  -348  -350  0 
97  98  334  0  97  -96  -307  0  97  -98  -334  0  98  0  98  -97  -334  0 
99  100  308  0  99  348  0  99  351  0  99  -100  -308  0  100  101  -334  0 
100  334  -101  0  100  -99  -308  0  101  103  313  0  101  334  -100  0  101 
-103  -313  0  102  -91  -319  0  103  0  103  -101  -313  0  104  308  -106 
0  104  -105  0  104  -348  -351  0  105  107  -108  0  105  -104  -308  0 
106  -104  0  106  -107  0  106  -308  0  107  -106  -334  0  108  109  335  0 
108  -105  0  108  -107  0  108  -109  -335  0  109  0  109  -108  -335  0 
110  111  309  0  110  348  0  110  352  0  110  -111  -309  0  111  112  -335 
0  111  335  -112  0  111  -110  -309  0  112  114  314  0  112  335  -111  0 
112  -114  -314  0  113  125  320  0  113  -80  0  113  -102  0  113  -125 
-320  0  114  0  114  -112  -314  0  115  309  -117  0  115  -116  0  115 
-348  -352  0  116  118  -119  0  116  -115  -309  0  117  -115  0  117  -118 
0  117  -309  0  118  -117  -335  0  119  120  336  0  119  -116  0  119  -118 
0  119  -120  -336  0  120  0  120  -119  -336  0  121  122  310  0  121  348 
0  121  353  0  121  -122  -310  0  122  123  -336  0  122  336  -123  0  122 
-121  -310  0  123  126  315  0  123  336  -122  0  123  -126  -315  0  124  0 
124  -1  -13  0  125  0  125  -113  -320  0  126  0  126  -123  -315  0  127 
310  -129  0  127  -128  0  127  -348  -353  0  128  130  -131  0  128  -127 
-310  0  129  -127  0  129  -130  0  129  -310  0  130  -129  -336  0  131 
132  337  0  131  -128  0  131  -130  0  131  -132  -337  0  132  0  132  -131 
-337  0  133  134  311  0  133  348  0  133  354  0  133  -134  -311  0  134 
135  -337  0  134  337  -135  0  134  -133  -311  0  135  137  316  0  135 
337  -134  0  135  -137  -316  0  136  147  158  0  136  191  -213  0  136 
-147  -158  0  136  -202  0  136  -344  -353  0  137  0  137  -135  -316  0 
138  311  -140  0  138  -139  0  138  -348  -354  0  139  141  -142  0  139 
-138  -311  0  140  -138  0  140  -141  0  140  -311  0  141  -140  -337  0 
142  143  338  0  142  -139  0  142  -141  0  142  -143  -338  0  143  0  143 
-142  -338  0  144  145  312  0  144  348  0  144  355  0  144  -145  -312  0 
145  146  -338  0  145  338  -146  0  145  -144  -312  0  146  148  317  0 
146  338  -145  0  146  -148  -317  0  147  345  0  147  352  0  147  -136 
-158  0  148  0  148  -146  -317  0  149  312  -151  0  149  -150  0  149 
-348  -355  0  150  152  -153  0  150  -149  -312  0  151  -149  0  151  -152 
0  151  -312  0  152  -151  -338  0  153  154  318  0  153  -150  0  153  -152 
0  153  -154  -318  0  154  0  154  -153  -318  0  155  156  313  0  155  349 
0  155  350  0  155  -156  -313  0  156  -8  -157  0  156  -155  -313  0  157 
0  157  -8  -156  0  158  169  -320  0  158  320  -169  0  158  -136  -147  0 
159  -160  0  159  -349  -350  0  160  161  339  0  160  -159  -313  0  160 
-161  -339  0  161  0  161  -160  -339  0  162  163  314  0  162  349  0  162 
351  0  162  -163  -314  0  163  164  -339  0  163  339  -164  0  163  -162 
-314  0  164  339  -163  0  164  -9  -165  0  165  0  165  -9  -164  0  166 
314  -168  0  166  -167  0  166  -349  -351  0  167  170  -171  0  167  -166 
-314  0  168  -166  0  168  -170  0  168  -314  0  169  180  296  0  169  320 
-158  0  169  -180  -296  0  170  -168  -339  0  171  172  340  0  171  -167 
0  171  -170  0  171  -172  -340  0  172  0  172  -171  -340  0  173  174  315 
0  173  349  0  173  352  0  173  -174  -315  0  174  175  -340  0  174  340 
-175  0  174  -173  -315  0  175  340  -174  0  175  -10  -176  0  176  0  176 
-10  -175  0  177  315  -179  0  177  -178  0  177  -349  -352  0  178  181 
-182  0  178  -177  -315  0  179  -177  0  179  -181  0  179  -315  0  180  0 
180  -169  -296  0  181  -179  -340  0  182  183  341  0  182  -178  0  182 
-181  0  182  -183  -341  0  183  0  183  -182  -341  0  184  185  316  0  184 
349  0  184  353  0  184  -185  -316  0  185  186  -341  0  185  341  -186  0 
185  -184  -316  0  186  341  -185  0  186  -11  -187  0  187  0  187  -11 
-186  0  188  316  -190  0  188  -189  0  188  -349  -353  0  189  192  -193 
0  189  -188  -316  0  190  -188  0  190  -192  0  190  -316  0  191  -202  0 
191  -345  -352  0  192  -190  -341  0  193  194  342  0  193  -189  0  193 
-192  0  193  -194  -342  0  194  0  194  -193  -342  0  195  196  317  0  195 
349  0  195  354  0  195  -196  -317  0  196  197  -342  0  196  342  -197  0 
196  -195  -317  0  197  342  -196  0  197  -12  -198  0  198  0  198  -12 
-197  0  199  317  -201  0  199  -200  0  199  -349  -354  0  200  203  -204 
0  200  -199  -317  0  201  -199  0  201  -203  0  201  -317  0  202  217 
-219  0  202  -136  -191  0  203  -201  -342  0  204  205  343  0  204  -200 
0  204  -203  0  204  -205  -343  0  205  0  205  -204  -343  0  206  207  318 
0  206  349  0  206  355  0  206  -207  -318  0  207  208  -343  0  207  343 
-208  0  207  -206  -318  0  208  343  -207  0  208  -3  -209  0  209  0  209 
-3  -208  0  210  318  -212  0  210  -211  0  210  -349  -355  0  211  214 
-215  0  211  -210  -318  0  212  -210  0  212  -214  0  212  -318  0  213 
-136  0  213  -191  0  213  -217  0  214  -212  -343  0  215  -4  -216  0  215 
-211  0  215  -214  0  216  0  216  -4  -215  0  217  -213  -320  0  218  229 
240  0  218  -229  -240  0  218  -273  0  218  -344  -351  0  219  220  321  0 
219  -202  0  219  -217  0  219  -220  -321  0  220  0  220  -219  -321  0 
221  222  223  0  221  226  -228  0  221  -222  -223  0  221  -227  0  221 
-344  -354  0  222  345  0  222  353  0  222  -221  -223  0  223  224  -321  0 
223  321  -224  0  223  -221  -222  0  224  225  297  0  224  321  -223  0 
224  -225  -297  0  225  0  225  -224  -297  0  226  -227  0  226  -345  -353 
0  227  230  -231  0  227  -221  -226  0  228  -221  0  228  -226  0  228 
-230  0  229  345  0  229  350  0  229  -218  -240  0  230  -228  -321  0  231 
232  322  0  231  -227  0  231  -230  0  231  -232  -322  0  232  0  232  -231 
-322  0  233  234  235  0  233  238  -241  0  233  -234  -235  0  233  -239  0 
233  -344  -355  0  234  345  0  234  354  0  234  -233  -235  0  235  236 
-322  0  235  322  -236  0  235  -233  -234  0  236  237  298  0  236  322 
-235  0  236  -237  -298  0  237  0  237  -236  -298  0  238  -239  0  238 
-345  -354  0  239  242  -243  0  239  -233  -238  0  240  -2  -251  0  240 
-218  -229  0  241  -233  0  241  -238  0  241  -242  0  242  -241  -322  0 
243  244  323  0  243  -239  0  243  -242  0  243  -244  -323  0  244  0  244 
-243  -323  0  245  246  -323  0  245  323  -246  0  245  -248  0  245  -345 
-355  0  246  247  299  0  246  323  -245  0  246  -247  -299  0  247  0  247 
-246  -299  0  248  249  300  0  248  -245  -323  0  248  -249  -300  0  249 
0  249  -248  -300  0  250  252  295  0  250  346  0  250  350  0  250  -252 
-295  0  251  0  251  -2  -240  0  252  -5  -253  0  252  -250  -295  0  253 
0  253  -5  -252  0  254  -255  0  254  -346  -350  0  255  256  324  0  255 
-254  -295  0  255  -256  -324  0  256  0  256  -255  -324  0  257  258  296 
0  257  346  0  257  351  0  257  -258  -296  0  258  259  -324  0  258  324 
-259  0  258  -257  -296  0  259  260  301  0  259  324  -258  0  259  -260 
-301  0  260  0  260  -259  -301  0  261  296  -264  0  261  -263  0  261 
-346  -351  0  262  -273  0  262  -345  -350  0  263  265  -266  0  263  -261 
-296  0  264  -261  0  264  -265  0  264  -296  0  265  -264  -324  0  266 
267  325  0  266  -263  0  266  -265  0  266  -267  -325  0  267  0  267  -266 
-325  0  268  269  297  0  268  346  0  268  352  0  268  -269  -297  0  269 
270  -325  0  269  325  -270  0  269  -268  -297  0  270  271  302  0  270 
325  -269  0  270  -271  -302  0  271  0  271  -270  -302  0  272  297  -275 
0  272  -274  0  272  -346  -352  0  273  284  319  0  273  -218  -262  0  273 
-284  -319  0  274  276  -277  0  274  -272  -297  0  275  -272  0  275  -276 
0  275  -297  0  276  -275  -325  0  277  278  326  0  277  -274  0  277  -276 
0  277  -278  -326  0  278  0  278  -277  -326  0  279  280  298  0  279  346 
0  279  353  0  279  -280  -298  0  280  281  -326  0  280  326  -281  0  280 
-279  -298  0  281  282  303  0  281  326  -280  0  281  -282  -303  0  282  0 
282  -281  -303  0  283  298  -286  0  283  -285  0  283  -346  -353  0  284 
0  284  -273  -319  0  285  287  -288  0  285  -283  -298  0  286  -283  0 
286  -287  0  286  -298  0  287  -286  -326  0  288  289  327  0  288  -285  0 
288  -287  0  288  -289  -327  0  289  0  289  -288  -327  0  290  291  299  0 
290  346  0  290  354  0  290  -291  -299  0  291  292  -327  0  291  327 
-292  0  291  -290  -299  0  292  293  304  0  292  327  -291  0  292  -293 
-304  0  293  0  293  -292  -304  0  294  299  -16  0  294  -15  0  294  -346 
-354  0  295  -47  -58  0  295  -250  -252  0  295  -255  0  296  -169  -180 
0  296  -257  -258  0  296  -263  0  297  -224  -225  0  297  -268  -269  0 
297  -274  0  298  -236  -237  0  298  -279  -280  0  298  -285  0  299  -15 
0  299  -246  -247  0  299  -290  -291  0  300  -20  -21  0  300  -26  0  300 
-248  -249  0  301  -31  -32  0  301  -35  0  301  -259  -260  0  302  -38 
-39  0  302  -43  0  302  -270  -271  0  303  -49  -50  0  303  -54  0  303 
-281  -282  0  304  -60  -61  0  304  -65  0  304  -292  -293  0  305  -22 
-23  0  305  -71  -72  0  305  -76  0  306  -29  -30  0  306  -82  -83  0  306 
-87  0  307  -40  -41  0  307  -93  -94  0  307  -97  0  308  -51  -52  0  308 
-99  -100  0  308  -105  0  309  -62  -63  0  309  -110  -111  0  309  -116  0 
310  -73  -74  0  310  -121  -122  0  310  -128  0  311  -84  -85  0  311 
-133  -134  0  311  -139  0  312  -90  -92  0  312  -144  -145  0  312  -150 
0  313  -101  -103  0  313  -155  -156  0  313  -160  0  314  -112  -114  0 
314  -162  -163  0  314  -167  0  315  -123  -126  0  315  -173  -174  0  315 
-178  0  316  -135  -137  0  316  -184  -185  0  316  -189  0  317  -146  -148 
0  317  -195  -196  0  317  -200  0  318  -153  -154  0  318  -206  -207  0 
318  -211  0  319  -102  0  319  -273  -284  0  320  -113  -125  0  320  -217 
0  321  -219  -220  0  321  -230  0  322  -231  -232  0  322  -242  0  323 
-243  -244  0  323  -248  0  324  -255  -256  0  324  -265  0  325  -266  -267 
0  325  -276  0  326  -277  -278  0  326  -287  0  327  -17  0  327  -288 
-289  0  328  -18  -19  0  328  -28  0  329  -35  -37  0  329  -45  0  330 
-46  -48  0  330  -56  0  331  -57  -59  0  331  -67  0  332  -68  -70  0  332 
-78  0  333  -79  -81  0  333  -89  0  334  -97  -98  0  334  -107  0  335 
-108  -109  0  335  -118  0  336  -119  -120  0  336  -130  0  337  -131  -132 
0  337  -141  0  338  -142  -143  0  338  -152  0  339  -160  -161  0  339 
-170  0  340  -171  -172  0  340  -181  0  341  -182  -183  0  341  -192  0 
342  -193  -194  0  342  -203  0  343  -204  -205  0  343  -214  0  344  -13 
0  344  -14  0  344  -136  0  344  -218  0  344  -221  0  344  -233  0  345 
-69  0  345  -191  0  345  -226  0  345  -238  0  345  -245  0  345  -262  0 
346  -24  0  346  -254  0  346  -261  0  346  -272  0  346  -283  0  346  -294 
0  347  -34  0  347  -42  0  347  -53  0  347  -64  0  347  -75  0  347  -86 
0  348  -96  0  348  -104  0  348  -115  0  348  -127  0  348  -138  0  348 
-149  0  349  -159  0  349  -166  0  349  -177  0  349  -188  0  349  -199  0 
349  -210  0  350  -13  0  350  -34  0  350  -96  0  350  -159  0  350  -254 
0  350  -262  0  351  -42  0  351  -69  0  351  -104  0  351  -166  0  351 
-218  0  351  -261  0  352  -14  0  352  -53  0  352  -115  0  352  -177  0 
352  -191  0  352  -272  0  353  -64  0  353  -127  0  353  -136  0  353  -188 
0  353  -226  0  353  -283  0  354  -75  0  354  -138  0  354  -199  0  354 
-221  0  354  -238  0  354  -294  0  355  -24  0  355  -86  0  355  -149  0 
355  -210  0  355  -233  0  355  -245  0  -3  0  -4  0  -10  0  -11  0  -12  0 
-20  -346  -355  0  -21  -22  -328  0  -25  -345  -351  0  -31  -347  -350  0 
-36  -47  -319  0  -38  -347  -351  0  -39  -40  -329  0  -49  -347  -352  0 
-50  -51  -330  0  -60  -347  -353  0  -61  -62  -331  0  -71  -347  -354  0 
-72  -73  -332  0  -82  -347  -355  0  -83  -84  -333  0  -93  -348  -350  0 
-99  -348  -351  0  -100  -101  -334  0  -110  -348  -352  0  -111  -112  -335 
0  -121  -348  -353  0  -122  -123  -336  0  -133  -348  -354  0  -134  -135 
-337  0  -144  -348  -355  0  -145  -146  -338  0  -147  -345  -352  0  -155 
-349  -350  0  -158  -169  -320  0  -162  -349  -351  0  -163  -164  -339  0 
-173  -349  -352  0  -174  -175  -340  0  -184  -349  -353  0  -185  -186 
-341  0  -195  -349  -354  0  -196  -197  -342  0  -206  -349  -355  0  -207 
-208  -343  0  -222  -345  -353  0  -223  -224  -321  0  -229  -345  -350  0 
-234  -345  -354  0  -235  -236  -322  0  -245  -246  -323  0  -250  -346 
-350  0  -257  -346  -351  0  -258  -259  -324  0  -268  -346  -352  0  -269 
-270  -325  0  -279  -346  -353  0  -280  -281  -326  0  -290  -346  -354  0 
-291  -292  -327  0
